 -169.65  -89.33   0.275    0.00    1.00
  -75.02  -86.33   0.130    0.00    1.00
  -81.82  -81.17   0.242    0.00    1.00
 -122.01  -84.77   0.140    0.00    1.00
  -91.37  -86.99   0.266    0.00    1.00
  171.00  -88.72   0.172    0.00    1.00
 -173.37  -88.80   0.296    0.00    1.00
 -132.34  -78.64   0.175    0.00    1.00
  -78.54  -89.99   0.177    0.00    1.00
 -151.04  -88.07   0.263    0.00    1.00
 -117.67  -83.34   0.288    0.00    1.00
  163.47  -89.19   0.129    0.00    1.00
 -176.49  -87.52   0.236    0.00    1.00
 -149.18  -82.52   0.215    0.00    1.00
 -154.64  -88.60   0.210    0.00    1.00
 -120.81  -81.94   0.189    0.00    1.00
  136.32  -88.50   0.123    0.00    1.00
 -116.60  -89.62   0.191    0.00    1.00
 -152.96  -86.25   0.104    0.00    1.00
  163.36  -85.58   0.157    0.00    1.00
  -81.80  -88.11   0.185    0.00    1.00
 -119.84  -88.18   0.101    0.00    1.00
 -123.61  -85.44   0.160    0.00    1.00
  -65.17  -87.06   0.233    0.00    1.00
  176.29  -86.36   0.258    0.00    1.00
  -75.49  -84.13   0.277    0.00    1.00
 -104.94  -72.88   0.269    0.00    1.00
 -168.12  -87.90   0.240    0.00    1.00
 -135.85  -75.94   0.140    0.00    1.00
 -114.02  -89.66   0.196    0.00    1.00
   22.26  -89.76   0.165    0.00    1.00
  -18.78  -87.32   0.150    0.00    1.00
  -54.46  -87.62   0.213    0.00    1.00
 -101.82  -89.97   0.178    0.00    1.00
  -75.39  -86.96   0.147    0.00    1.00
 -110.00  -88.40   0.276    0.00    1.00
  -89.39  -84.68   0.136    0.00    1.00
 -123.79  -88.62   0.133    0.00    1.00
 -116.49  -89.31   0.123    0.00    1.00
  -97.94  -87.78   0.238    0.00    1.00
  -94.57  -88.93   0.268    0.00    1.00
  -68.70  -86.94   0.296    0.00    1.00
  -60.22  -86.11   0.117    0.00    1.00
 -103.16  -88.54   0.155    0.00    1.00
   59.89  -88.81   0.209    0.00    1.00
  -34.14  -88.34   0.107    0.00    1.00
    0.69  -86.75   0.123    0.00    1.00
  -30.98  -89.99   0.129    0.00    1.00
   58.97  -79.62   0.156    0.00    1.00
   58.77  -73.39   0.128    0.00    1.00
   36.39  -89.63   0.226    0.00    1.00
   -1.28  -88.06   0.231    0.00    1.00
  -45.51  -83.34   0.295    0.00    1.00
   62.51  -88.21   0.294    0.00    1.00
  -52.13  -89.01   0.232    0.00    1.00
  -87.62  -72.76   0.251    0.00    1.00
 -102.69  -87.50   0.200    0.00    1.00
  -18.30  -82.13   0.209    0.00    1.00
    3.27  -87.44   0.168    0.00    1.00
  -91.82  -87.68   0.181    0.00    1.00
  128.74  -83.97   0.222    0.00    1.00
  151.68  -87.99   0.200    0.00    1.00
  140.97  -84.82   0.209    0.00    1.00
  139.91  -86.78   0.185    0.00    1.00
 -135.62  -87.88   0.149    0.00    1.00
 -172.52  -73.05   0.208    0.00    1.00
 -121.92  -84.96   0.278    0.00    1.00
 -173.39  -88.01   0.172    0.00    1.00
 -126.36  -85.92   0.185    0.00    1.00
 -131.59  -87.64   0.126    0.00    1.00
 -155.05  -88.39   0.131    0.00    1.00
  -77.79  -85.11   0.102    0.00    1.00
 -110.19  -86.02   0.298    0.00    1.00
  -34.71  -84.82   0.175    0.00    1.00
  -99.94  -74.84   0.282    0.00    1.00
 -133.67  -88.42   0.167    0.00    1.00
  -40.94  -78.03   0.263    0.00    1.00
  -44.74  -81.70   0.125    0.00    1.00
 -126.46  -87.33   0.110    0.00    1.00
  -22.66  -85.55   0.265    0.00    1.00
  -46.86  -85.67   0.253    0.00    1.00
 -106.52  -83.24   0.257    0.00    1.00
  -37.08  -84.96   0.224    0.00    1.00
 -107.33  -86.46   0.185    0.00    1.00
 -142.99  -88.54   0.162    0.00    1.00
 -161.04  -88.12   0.179    0.00    1.00
 -124.91  -86.23   0.182    0.00    1.00
 -139.83  -89.14   0.118    0.00    1.00
 -156.29  -86.12   0.195    0.00    1.00
  -66.49  -86.26   0.105    0.00    1.00
  -64.22  -81.28   0.292    0.00    1.00
  -44.44  -85.05   0.282    0.00    1.00
  -30.62  -87.46   0.294    0.00    1.00
  -66.38  -86.12   0.275    0.00    1.00
  -25.39  -86.54   0.212    0.00    1.00
  -47.96  -84.44   0.287    0.00    1.00
 -120.06  -73.40   0.284    0.00    1.00
    5.79  -87.37   0.233    0.00    1.00
 -115.24  -85.04   0.197    0.00    1.00
  -10.40  -75.32   0.192    0.00    1.00
  -52.16  -88.37   0.291    0.00    1.00
   -3.52  -85.94   0.115    0.00    1.00
   13.86  -83.66   0.187    0.00    1.00
  -15.99  -87.64   0.215    0.00    1.00
  -61.08  -84.39   0.287    0.00    1.00
  -40.69  -86.21   0.203    0.00    1.00
    1.80  -87.82   0.299    0.00    1.00
  -22.88  -82.62   0.173    0.00    1.00
   60.85  -84.14   0.230    0.00    1.00
  -61.59  -88.05   0.273    0.00    1.00
   44.16  -87.92   0.236    0.00    1.00
   15.89  -86.70   0.198    0.00    1.00
  -38.62  -72.29   0.184    0.00    1.00
   61.98  -77.18   0.217    0.00    1.00
   27.14  -88.69   0.217    0.00    1.00
   -5.28  -85.87   0.129    0.00    1.00
    8.31  -85.82   0.232    0.00    1.00
  -17.42  -77.77   0.257    0.00    1.00
  -39.03  -80.30   0.134    0.00    1.00
    7.09  -85.18   0.276    0.00    1.00
   -5.23  -81.50   0.261    0.00    1.00
   73.14  -87.57   0.130    0.00    1.00
   44.53  -87.71   0.287    0.00    1.00
   33.78  -88.78   0.248    0.00    1.00
   61.37  -88.41   0.140    0.00    1.00
   18.55  -85.66   0.199    0.00    1.00
   55.39  -88.12   0.149    0.00    1.00
   43.37  -70.76   0.289    0.00    1.00
   -1.37  -84.99   0.135    0.00    1.00
  100.57  -84.66   0.120    0.00    1.00
  160.38  -82.22   0.119    0.00    1.00
  163.76  -80.88   0.209    0.00    1.00
  119.96  -87.45   0.291    0.00    1.00
 -156.87  -85.73   0.267    0.00    1.00
  132.79  -85.97   0.230    0.00    1.00
  121.03  -82.66   0.166    0.00    1.00
 -138.81  -88.84   0.133    0.00    1.00
  173.33  -86.68   0.180    0.00    1.00
  162.25  -88.15   0.247    0.00    1.00
  136.61  -73.29   0.130    0.00    1.00
 -136.48  -84.68   0.227    0.00    1.00
 -131.34  -85.36   0.198    0.00    1.00
 -156.14  -84.14   0.173    0.00    1.00
  151.40  -80.38   0.111    0.00    1.00
 -135.73  -85.53   0.209    0.00    1.00
 -142.66  -86.52   0.108    0.00    1.00
  138.82  -78.19   0.101    0.00    1.00
  -81.52  -86.08   0.112    0.00    1.00
 -174.81  -86.37   0.243    0.00    1.00
  173.30  -85.28   0.186    0.00    1.00
  -77.35  -84.33   0.184    0.00    1.00
 -150.04  -71.13   0.279    0.00    1.00
  160.41  -86.98   0.158    0.00    1.00
 -118.03  -86.26   0.133    0.00    1.00
 -128.91  -85.06   0.294    0.00    1.00
  -28.95  -80.69   0.217    0.00    1.00
 -101.66  -86.54   0.142    0.00    1.00
 -124.66  -85.59   0.215    0.00    1.00
 -114.97  -89.01   0.122    0.00    1.00
 -115.37  -85.50   0.296    0.00    1.00
 -102.83  -88.80   0.235    0.00    1.00
  -55.27  -79.31   0.185    0.00    1.00
  -60.70  -85.59   0.266    0.00    1.00
  -58.56  -87.03   0.114    0.00    1.00
  -99.47  -86.87   0.168    0.00    1.00
  -76.64  -83.07   0.235    0.00    1.00
  -50.77  -86.58   0.299    0.00    1.00
   -3.96  -78.75   0.247    0.00    1.00
  -67.77  -84.43   0.266    0.00    1.00
  -80.30  -87.12   0.153    0.00    1.00
  -53.23  -85.79   0.284    0.00    1.00
  -48.85  -87.92   0.258    0.00    1.00
  -76.28  -77.87   0.266    0.00    1.00
  -39.38  -86.42   0.227    0.00    1.00
  -53.89  -86.27   0.209    0.00    1.00
  -66.56  -82.82   0.120    0.00    1.00
  -51.97  -85.82   0.201    0.00    1.00
  -41.41  -81.02   0.197    0.00    1.00
  -54.74  -84.18   0.141    0.00    1.00
  -59.77  -85.70   0.299    0.00    1.00
  -18.02  -88.09   0.244    0.00    1.00
  -66.13  -82.58   0.280    0.00    1.00
  -33.06  -85.50   0.267    0.00    1.00
  -53.54  -88.67   0.211    0.00    1.00
   13.41  -84.64   0.247    0.00    1.00
   -3.58  -87.39   0.197    0.00    1.00
 -107.12  -84.17   0.196    0.00    1.00
  -13.20  -87.04   0.150    0.00    1.00
   40.01  -80.32   0.199    0.00    1.00
   -5.18  -84.59   0.173    0.00    1.00
   43.83  -86.68   0.127    0.00    1.00
   47.40  -87.06   0.271    0.00    1.00
   74.16  -84.01   0.149    0.00    1.00
   44.13  -84.33   0.252    0.00    1.00
   67.93  -75.94   0.265    0.00    1.00
   26.54  -83.90   0.142    0.00    1.00
  -37.29  -85.66   0.221    0.00    1.00
   49.21  -84.51   0.193    0.00    1.00
   97.21  -78.99   0.109    0.00    1.00
  123.83  -81.41   0.268    0.00    1.00
  -54.98  -83.56   0.299    0.00    1.00
  -36.42  -83.21   0.241    0.00    1.00
  -36.71  -84.31   0.142    0.00    1.00
  -38.39  -82.83   0.275    0.00    1.00
  -30.52  -83.83   0.106    0.00    1.00
  -42.04  -82.74   0.154    0.00    1.00
 -101.34  -71.59   0.144    0.00    1.00
  -73.68  -77.89   0.244    0.00    1.00
 -116.44  -77.66   0.292    0.00    1.00
  -78.99  -87.79   0.272    0.00    1.00
   -2.99  -84.25   0.173    0.00    1.00
  -31.18  -75.18   0.153    0.00    1.00
   -3.56  -84.48   0.160    0.00    1.00
  -11.24  -84.78   0.220    0.00    1.00
   70.39  -79.35   0.287    0.00    1.00
   -8.83  -82.50   0.255    0.00    1.00
    0.69  -84.00   0.173    0.00    1.00
   -1.24  -89.03   0.147    0.00    1.00
   77.99  -73.94   0.255    0.00    1.00
    8.29  -82.58   0.293    0.00    1.00
 -138.54  -82.43   0.300    0.00    1.00
  178.51  -77.30   0.175    0.00    1.00
 -135.79  -68.73   0.177    0.00    1.00
 -137.34  -83.26   0.234    0.00    1.00
 -111.10  -68.89   0.169    0.00    1.00
 -137.42  -78.33   0.182    0.00    1.00
 -131.98  -82.25   0.229    0.00    1.00
 -124.01  -79.38   0.258    0.00    1.00
 -137.45  -81.99   0.202    0.00    1.00
 -150.51  -77.30   0.231    0.00    1.00
 -132.75  -81.40   0.164    0.00    1.00
  -97.06  -85.45   0.164    0.00    1.00
 -131.93  -85.59   0.287    0.00    1.00
 -161.20  -84.73   0.258    0.00    1.00
 -159.83  -79.41   0.203    0.00    1.00
 -101.40  -76.08   0.184    0.00    1.00
 -126.08  -66.08   0.122    0.00    1.00
 -135.93  -82.06   0.159    0.00    1.00
  148.44  -78.82   0.112    0.00    1.00
 -169.53  -77.28   0.142    0.00    1.00
 -142.17  -78.64   0.176    0.00    1.00
 -106.50  -82.38   0.127    0.00    1.00
 -124.78  -83.01   0.287    0.00    1.00
  -81.78  -79.53   0.225    0.00    1.00
 -121.19  -84.23   0.258    0.00    1.00
 -118.24  -83.83   0.239    0.00    1.00
  -88.04  -66.35   0.166    0.00    1.00
 -129.65  -86.74   0.131    0.00    1.00
 -105.27  -75.25   0.219    0.00    1.00
  -92.71  -79.91   0.298    0.00    1.00
 -118.84  -79.76   0.263    0.00    1.00
  -69.76  -78.80   0.207    0.00    1.00
  -36.75  -78.30   0.224    0.00    1.00
  -71.37  -86.53   0.270    0.00    1.00
  -72.38  -82.04   0.179    0.00    1.00
  -87.05  -81.61   0.272    0.00    1.00
  -82.55  -70.39   0.239    0.00    1.00
  -72.74  -80.45   0.135    0.00    1.00
  -78.50  -78.58   0.262    0.00    1.00
 -123.18  -82.14   0.149    0.00    1.00
  -80.25  -82.22   0.119    0.00    1.00
  -77.46  -81.90   0.271    0.00    1.00
  -68.11  -85.98   0.299    0.00    1.00
  -90.64  -80.25   0.165    0.00    1.00
  -94.94  -86.34   0.199    0.00    1.00
  -98.64  -75.35   0.231    0.00    1.00
  -76.81  -81.93   0.120    0.00    1.00
 -120.39  -77.78   0.116    0.00    1.00
  -81.03  -83.22   0.249    0.00    1.00
  -67.50  -83.41   0.279    0.00    1.00
   -3.64  -84.52   0.215    0.00    1.00
  -29.05  -82.80   0.214    0.00    1.00
  -11.37  -82.75   0.223    0.00    1.00
  -14.48  -82.23   0.219    0.00    1.00
  -20.13  -81.98   0.238    0.00    1.00
  -20.94  -81.43   0.296    0.00    1.00
   65.09  -80.48   0.128    0.00    1.00
   12.28  -77.44   0.288    0.00    1.00
    5.34  -82.65   0.207    0.00    1.00
  -29.88  -83.02   0.108    0.00    1.00
  -81.67  -80.29   0.175    0.00    1.00
  -88.38  -76.09   0.194    0.00    1.00
  -65.40  -78.42   0.114    0.00    1.00
 -109.92  -67.23   0.180    0.00    1.00
  -86.51  -81.06   0.228    0.00    1.00
  -83.57  -82.13   0.299    0.00    1.00
  -44.50  -78.66   0.230    0.00    1.00
  -98.56  -80.97   0.224    0.00    1.00
  -74.27  -78.79   0.277    0.00    1.00
  -81.61  -82.49   0.243    0.00    1.00
  -77.86  -84.54   0.237    0.00    1.00
  -49.15  -79.56   0.107    0.00    1.00
  -48.79  -79.92   0.156    0.00    1.00
  -48.29  -82.48   0.139    0.00    1.00
  -39.75  -77.85   0.255    0.00    1.00
  -51.18  -80.56   0.208    0.00    1.00
  -47.74  -79.24   0.172    0.00    1.00
  -49.55  -80.70   0.254    0.00    1.00
  -53.02  -81.48   0.244    0.00    1.00
  -57.24  -75.53   0.156    0.00    1.00
  -19.32  -80.46   0.153    0.00    1.00
  -33.30  -79.52   0.240    0.00    1.00
  -25.19  -78.85   0.171    0.00    1.00
  -35.07  -78.32   0.106    0.00    1.00
  -14.79  -81.00   0.290    0.00    1.00
  -15.84  -81.88   0.284    0.00    1.00
  -10.03  -76.04   0.255    0.00    1.00
  -19.45  -77.65   0.293    0.00    1.00
  -20.15  -80.24   0.198    0.00    1.00
   -6.36  -81.88   0.273    0.00    1.00
  -51.22  -79.41   0.225    0.00    1.00
   24.82  -67.81   0.175    0.00    1.00
   30.91  -79.83   0.178    0.00    1.00
   36.43  -79.17   0.110    0.00    1.00
   25.77  -80.85   0.299    0.00    1.00
   70.92  -76.79   0.218    0.00    1.00
   35.34  -77.75   0.248    0.00    1.00
   56.46  -79.85   0.246    0.00    1.00
   47.90  -79.06   0.268    0.00    1.00
   39.13  -79.77   0.126    0.00    1.00
   54.12  -80.59   0.287    0.00    1.00
   35.12  -81.76   0.124    0.00    1.00
   63.94  -80.37   0.262    0.00    1.00
   59.05  -72.23   0.251    0.00    1.00
  128.49  -83.78   0.176    0.00    1.00
   52.32  -79.57   0.151    0.00    1.00
   43.46  -77.38   0.182    0.00    1.00
   51.18  -79.54   0.168    0.00    1.00
   60.68  -79.58   0.121    0.00    1.00
   51.27  -79.79   0.171    0.00    1.00
  139.98  -70.56   0.237    0.00    1.00
  178.05  -78.42   0.174    0.00    1.00
 -177.65  -80.63   0.194    0.00    1.00
  165.10  -73.68   0.258    0.00    1.00
  179.92  -80.18   0.168    0.00    1.00
 -176.60  -82.35   0.114    0.00    1.00
  162.59  -80.86   0.195    0.00    1.00
  174.38  -80.54   0.167    0.00    1.00
  167.27  -76.95   0.183    0.00    1.00
  171.39  -79.47   0.276    0.00    1.00
  -98.57  -70.56   0.130    0.00    1.00
 -119.23  -78.23   0.133    0.00    1.00
 -125.25  -76.46   0.114    0.00    1.00
 -118.53  -77.73   0.130    0.00    1.00
 -111.16  -74.03   0.155    0.00    1.00
 -125.70  -79.20   0.206    0.00    1.00
 -117.24  -78.21   0.221    0.00    1.00
 -122.13  -73.62   0.225    0.00    1.00
 -113.91  -72.44   0.153    0.00    1.00
 -114.99  -80.30   0.231    0.00    1.00
 -114.08  -77.08   0.175    0.00    1.00
 -110.64  -77.40   0.250    0.00    1.00
  -80.66  -73.20   0.256    0.00    1.00
 -149.62  -69.45   0.109    0.00    1.00
  -98.87  -75.57   0.278    0.00    1.00
 -105.16  -78.15   0.164    0.00    1.00
 -109.33  -77.91   0.198    0.00    1.00
 -109.67  -77.62   0.251    0.00    1.00
 -159.44  -78.17   0.113    0.00    1.00
 -114.32  -78.14   0.238    0.00    1.00
  -92.55  -75.45   0.143    0.00    1.00
  -89.74  -75.30   0.285    0.00    1.00
  -94.59  -77.25   0.208    0.00    1.00
  -86.95  -72.48   0.101    0.00    1.00
  -92.28  -78.91   0.160    0.00    1.00
  -63.38  -72.85   0.270    0.00    1.00
 -109.68  -77.44   0.184    0.00    1.00
  -93.85  -77.46   0.123    0.00    1.00
  -85.46  -78.16   0.109    0.00    1.00
  -83.96  -72.52   0.128    0.00    1.00
   11.85  -72.92   0.151    0.00    1.00
  -36.34  -75.59   0.293    0.00    1.00
  -67.17  -79.71   0.202    0.00    1.00
 -144.82  -83.10   0.272    0.00    1.00
  -82.85  -80.28   0.154    0.00    1.00
  -64.58  -78.57   0.186    0.00    1.00
  -62.32  -80.54   0.188    0.00    1.00
  -55.93  -75.44   0.265    0.00    1.00
  -47.58  -76.28   0.271    0.00    1.00
  -67.96  -78.13   0.171    0.00    1.00
   11.98  -84.70   0.171    0.00    1.00
  -24.17  -84.28   0.255    0.00    1.00
  -60.11  -77.87   0.126    0.00    1.00
  -67.53  -74.71   0.285    0.00    1.00
   -1.58  -86.85   0.158    0.00    1.00
  -21.48  -87.15   0.170    0.00    1.00
  -28.58  -77.21   0.127    0.00    1.00
 -139.97  -80.44   0.192    0.00    1.00
  -67.63  -76.83   0.208    0.00    1.00
  -57.83  -77.89   0.201    0.00    1.00
   -0.05  -80.80   0.145    0.00    1.00
  -27.64  -76.96   0.296    0.00    1.00
  -15.56  -77.92   0.296    0.00    1.00
  -18.75  -77.55   0.286    0.00    1.00
  -28.81  -76.01   0.253    0.00    1.00
  -20.40  -78.13   0.162    0.00    1.00
  -20.38  -76.58   0.154    0.00    1.00
  -19.80  -78.03   0.224    0.00    1.00
  -20.30  -77.44   0.163    0.00    1.00
  -34.33  -78.74   0.118    0.00    1.00
   -6.05  -72.74   0.176    0.00    1.00
   -1.97  -79.03   0.229    0.00    1.00
  -47.19  -85.49   0.236    0.00    1.00
  -47.71  -64.85   0.185    0.00    1.00
  -10.31  -75.67   0.113    0.00    1.00
  -12.08  -79.16   0.296    0.00    1.00
  -14.14  -76.07   0.273    0.00    1.00
  -17.70  -72.19   0.158    0.00    1.00
  -99.56  -81.62   0.260    0.00    1.00
   23.77  -82.64   0.236    0.00    1.00
 -116.10  -81.43   0.182    0.00    1.00
 -118.27  -76.02   0.109    0.00    1.00
 -130.94  -75.87   0.287    0.00    1.00
 -119.99  -75.99   0.229    0.00    1.00
 -137.15  -75.86   0.243    0.00    1.00
 -119.31  -76.73   0.131    0.00    1.00
 -123.05  -75.35   0.190    0.00    1.00
 -127.04  -70.03   0.108    0.00    1.00
 -116.43  -76.72   0.120    0.00    1.00
 -121.53  -80.06   0.193    0.00    1.00
  -97.01  -75.73   0.145    0.00    1.00
  -94.62  -74.50   0.118    0.00    1.00
 -107.18  -69.71   0.228    0.00    1.00
  -86.09  -70.81   0.232    0.00    1.00
 -106.12  -74.94   0.222    0.00    1.00
  -92.85  -77.03   0.108    0.00    1.00
  -77.25  -67.29   0.193    0.00    1.00
 -140.00  -79.95   0.172    0.00    1.00
  -96.32  -74.35   0.192    0.00    1.00
  -98.42  -75.50   0.238    0.00    1.00
  -17.63  -73.91   0.158    0.00    1.00
  -32.72  -74.87   0.124    0.00    1.00
  -16.05  -74.04   0.179    0.00    1.00
  -19.31  -76.34   0.106    0.00    1.00
  -94.43  -83.82   0.241    0.00    1.00
  -21.86  -74.17   0.296    0.00    1.00
   -4.54  -75.51   0.271    0.00    1.00
  -23.04  -74.22   0.231    0.00    1.00
  -55.61  -75.79   0.186    0.00    1.00
  -13.42  -76.37   0.175    0.00    1.00
    2.41  -85.53   0.152    0.00    1.00
   -4.76  -76.16   0.269    0.00    1.00
    3.66  -80.10   0.132    0.00    1.00
  -13.78  -72.86   0.268    0.00    1.00
  -19.11  -76.58   0.165    0.00    1.00
  -30.03  -63.48   0.227    0.00    1.00
   -5.86  -68.40   0.293    0.00    1.00
  -13.17  -77.67   0.122    0.00    1.00
  -13.88  -77.21   0.249    0.00    1.00
  -33.88  -73.13   0.136    0.00    1.00
   49.88  -72.90   0.158    0.00    1.00
   19.79  -76.05   0.156    0.00    1.00
   19.73  -75.94   0.249    0.00    1.00
   23.64  -77.27   0.295    0.00    1.00
   16.43  -75.28   0.147    0.00    1.00
   13.67  -73.97   0.169    0.00    1.00
   20.58  -75.99   0.103    0.00    1.00
  -41.40  -77.29   0.148    0.00    1.00
   45.66  -81.95   0.263    0.00    1.00
    6.24  -76.04   0.179    0.00    1.00
   -6.04  -75.48   0.163    0.00    1.00
    0.91  -66.88   0.186    0.00    1.00
   18.08  -74.16   0.290    0.00    1.00
   28.79  -67.97   0.160    0.00    1.00
   13.30  -80.02   0.121    0.00    1.00
   27.58  -75.25   0.277    0.00    1.00
  -52.43  -84.33   0.277    0.00    1.00
   15.86  -74.46   0.267    0.00    1.00
   23.66  -76.00   0.155    0.00    1.00
   25.61  -75.54   0.159    0.00    1.00
  -68.82  -74.36   0.174    0.00    1.00
  -65.19  -74.93   0.218    0.00    1.00
  -77.53  -71.81   0.267    0.00    1.00
  -63.32  -74.20   0.189    0.00    1.00
  -65.68  -79.60   0.269    0.00    1.00
  -69.39  -75.65   0.190    0.00    1.00
  -64.60  -73.99   0.227    0.00    1.00
  -67.78  -71.49   0.288    0.00    1.00
  -65.78  -77.05   0.245    0.00    1.00
 -109.08  -79.45   0.265    0.00    1.00
  156.25  -70.26   0.132    0.00    1.00
 -166.24  -77.51   0.120    0.00    1.00
  156.51  -74.55   0.285    0.00    1.00
 -164.30  -74.69   0.144    0.00    1.00
 -179.63  -73.66   0.248    0.00    1.00
  167.73  -70.81   0.210    0.00    1.00
  179.94  -74.01   0.109    0.00    1.00
 -175.92  -72.62   0.131    0.00    1.00
 -176.55  -69.67   0.158    0.00    1.00
 -179.26  -73.80   0.162    0.00    1.00
  -69.08  -67.32   0.209    0.00    1.00
  -67.56  -73.32   0.120    0.00    1.00
  -71.05  -72.56   0.212    0.00    1.00
  -43.45  -70.27   0.228    0.00    1.00
  -62.24  -71.57   0.277    0.00    1.00
  -88.40  -60.40   0.173    0.00    1.00
  -63.68  -71.42   0.206    0.00    1.00
  -68.35  -72.14   0.132    0.00    1.00
  -66.27  -71.01   0.201    0.00    1.00
  -67.73  -71.37   0.258    0.00    1.00
   18.13  -66.74   0.108    0.00    1.00
   41.09  -71.93   0.284    0.00    1.00
   34.65  -70.87   0.176    0.00    1.00
   36.90  -73.03   0.105    0.00    1.00
   -3.83  -87.20   0.116    0.00    1.00
   33.23  -73.13   0.262    0.00    1.00
   37.74  -71.97   0.275    0.00    1.00
   45.38  -60.27   0.239    0.00    1.00
   48.17  -74.10   0.218    0.00    1.00
   39.39  -72.94   0.237    0.00    1.00
   16.08  -62.28   0.153    0.00    1.00
    1.97  -69.57   0.154    0.00    1.00
   -3.25  -72.45   0.187    0.00    1.00
    9.15  -67.80   0.201    0.00    1.00
    2.43  -69.60   0.128    0.00    1.00
   35.44  -61.10   0.234    0.00    1.00
   -7.21  -70.31   0.221    0.00    1.00
    3.31  -69.90   0.169    0.00    1.00
   -0.53  -69.81   0.109    0.00    1.00
  -14.55  -62.94   0.246    0.00    1.00
   36.66  -70.26   0.175    0.00    1.00
   38.51  -62.56   0.175    0.00    1.00
   31.19  -71.27   0.248    0.00    1.00
   35.94  -69.17   0.224    0.00    1.00
   33.73  -72.64   0.135    0.00    1.00
   56.30  -75.71   0.136    0.00    1.00
   30.16  -69.53   0.288    0.00    1.00
   51.07  -69.03   0.106    0.00    1.00
   31.80  -70.80   0.118    0.00    1.00
   24.40  -70.70   0.240    0.00    1.00
   45.80  -72.52   0.182    0.00    1.00
   60.55  -73.45   0.269    0.00    1.00
   45.40  -69.74   0.244    0.00    1.00
   37.86  -72.91   0.177    0.00    1.00
   44.53  -70.39   0.115    0.00    1.00
   48.95  -68.28   0.142    0.00    1.00
   37.92  -69.66   0.158    0.00    1.00
   47.51  -70.38   0.132    0.00    1.00
   44.61  -67.90   0.300    0.00    1.00
   46.31  -71.55   0.273    0.00    1.00
 -170.14  -60.99   0.215    0.00    1.00
 -134.73  -73.59   0.120    0.00    1.00
  163.46  -69.31   0.298    0.00    1.00
  179.67  -64.49   0.187    0.00    1.00
  175.81  -64.90   0.111    0.00    1.00
  179.96  -65.96   0.155    0.00    1.00
  174.97  -65.34   0.238    0.00    1.00
 -161.03  -67.80   0.296    0.00    1.00
 -158.45  -73.14   0.258    0.00    1.00
 -177.24  -63.96   0.257    0.00    1.00
  173.08  -59.21   0.281    0.00    1.00
 -177.61  -59.08   0.105    0.00    1.00
 -151.25  -65.30   0.215    0.00    1.00
 -174.41  -67.21   0.285    0.00    1.00
  173.12  -61.01   0.170    0.00    1.00
 -177.41  -65.13   0.194    0.00    1.00
  179.94  -64.48   0.134    0.00    1.00
  177.06  -66.41   0.172    0.00    1.00
 -178.42  -64.05   0.128    0.00    1.00
 -179.53  -63.89   0.181    0.00    1.00
  -72.42  -47.21   0.127    0.00    1.00
  -75.76  -47.82   0.136    0.00    1.00
  -72.23  -50.50   0.141    0.00    1.00
  -71.58  -49.72   0.196    0.00    1.00
  -72.04  -50.59   0.190    0.00    1.00
  -74.03  -46.32   0.101    0.00    1.00
  -74.61  -40.73   0.210    0.00    1.00
  -66.53  -49.33   0.176    0.00    1.00
  -70.61  -43.55   0.170    0.00    1.00
  -63.73  -42.58   0.109    0.00    1.00
  -73.10  -41.81   0.118    0.00    1.00
  -75.16  -40.74   0.247    0.00    1.00
  -76.01  -41.88   0.132    0.00    1.00
  -66.64  -37.17   0.196    0.00    1.00
  -73.57  -41.44   0.110    0.00    1.00
  -75.99  -42.23   0.229    0.00    1.00
  -95.04  -44.81   0.120    0.00    1.00
  -73.98  -36.38   0.293    0.00    1.00
  -76.96  -26.10   0.276    0.00    1.00
  -83.69  -36.02   0.121    0.00    1.00
  -62.89  -38.86   0.168    0.00    1.00
  -66.03  -39.68   0.214    0.00    1.00
  -66.64  -40.78   0.182    0.00    1.00
  -54.74  -42.82   0.256    0.00    1.00
  -66.41  -44.47   0.173    0.00    1.00
  -66.57  -39.93   0.130    0.00    1.00
  -65.28  -40.34   0.162    0.00    1.00
  -85.58  -33.43   0.168    0.00    1.00
  -80.93  -39.04   0.293    0.00    1.00
  -63.21  -38.39   0.170    0.00    1.00
 -179.00  -35.35   0.252    0.00    1.00
 -179.85  -35.85   0.127    0.00    1.00
  175.99  -30.24   0.295    0.00    1.00
  175.15  -35.22   0.242    0.00    1.00
 -166.15  -34.60   0.286    0.00    1.00
  165.53  -40.66   0.212    0.00    1.00
  164.16  -36.30   0.297    0.00    1.00
 -179.74  -37.15   0.214    0.00    1.00
 -179.93  -36.10   0.178    0.00    1.00
  179.53  -34.73   0.143    0.00    1.00
  -70.34  -39.64   0.190    0.00    1.00
  -70.14  -30.13   0.235    0.00    1.00
  -61.56  -15.07   0.183    0.00    1.00
  -69.93  -35.06   0.112    0.00    1.00
  -71.90  -31.65   0.125    0.00    1.00
  -69.63  -32.60   0.242    0.00    1.00
  -73.97  -29.78   0.253    0.00    1.00
  -70.45  -27.82   0.230    0.00    1.00
  -69.64  -31.07   0.149    0.00    1.00
  -71.49  -30.92   0.178    0.00    1.00
  -57.19  -27.09   0.249    0.00    1.00
  -52.77  -30.70   0.178    0.00    1.00
  -38.25  -34.27   0.113    0.00    1.00
  -53.40  -31.66   0.243    0.00    1.00
  -53.98  -29.35   0.166    0.00    1.00
  -53.59  -29.52   0.288    0.00    1.00
  -58.49  -38.94   0.196    0.00    1.00
  -45.17  -31.24   0.193    0.00    1.00
  -55.51  -31.43   0.293    0.00    1.00
  -57.78  -17.65   0.119    0.00    1.00
 -174.97  -28.82   0.189    0.00    1.00
 -174.00  -28.09   0.267    0.00    1.00
  163.05  -26.69   0.113    0.00    1.00
  177.58  -30.38   0.267    0.00    1.00
  176.81  -24.55   0.276    0.00    1.00
 -175.83  -20.93   0.171    0.00    1.00
  179.68  -27.84   0.215    0.00    1.00
  179.98  -28.18   0.141    0.00    1.00
 -179.96  -12.66   0.215    0.00    1.00
  179.91  -32.12   0.114    0.00    1.00
   25.72  -25.22   0.241    0.00    1.00
   25.51  -29.46   0.133    0.00    1.00
   25.61  -26.29   0.109    0.00    1.00
   39.32  -31.79   0.129    0.00    1.00
   27.12  -29.21   0.253    0.00    1.00
   28.13  -24.53   0.280    0.00    1.00
   25.79  -28.61   0.206    0.00    1.00
   34.36  -37.82   0.196    0.00    1.00
   42.59  -35.00   0.226    0.00    1.00
   26.75  -25.88   0.253    0.00    1.00
  -72.75  -35.84   0.126    0.00    1.00
  -64.04  -25.93   0.213    0.00    1.00
  -64.09  -28.10   0.233    0.00    1.00
  -67.39  -21.01   0.128    0.00    1.00
  -63.89  -25.60   0.175    0.00    1.00
  -61.52  -27.93   0.260    0.00    1.00
  -63.14  -25.46   0.244    0.00    1.00
  -73.53  -24.05   0.185    0.00    1.00
  -64.58  -29.22   0.229    0.00    1.00
  -58.31  -33.40   0.101    0.00    1.00
  -47.99  -24.02   0.105    0.00    1.00
  -45.15  -37.31   0.270    0.00    1.00
  -44.44  -25.55   0.143    0.00    1.00
  -49.52  -32.20   0.134    0.00    1.00
  -50.70  -24.61   0.192    0.00    1.00
  -48.07  -24.32   0.167    0.00    1.00
  -49.96  -23.13   0.168    0.00    1.00
  -47.73  -23.94   0.172    0.00    1.00
  -48.68  -24.04   0.162    0.00    1.00
  -53.90  -29.24   0.244    0.00    1.00
   25.86  -28.99   0.283    0.00    1.00
   27.70  -24.18   0.111    0.00    1.00
   27.05  -24.54   0.204    0.00    1.00
   26.42  -24.78   0.230    0.00    1.00
   27.89  -23.88   0.249    0.00    1.00
   22.94  -25.30   0.264    0.00    1.00
   28.51  -28.01   0.105    0.00    1.00
   29.13  -24.96   0.137    0.00    1.00
   25.22  -19.28   0.193    0.00    1.00
   30.32  -22.10   0.273    0.00    1.00
   14.15  -21.01   0.165    0.00    1.00
   18.98  -26.36   0.142    0.00    1.00
   25.30   -9.12   0.138    0.00    1.00
   15.88  -22.33   0.137    0.00    1.00
   11.20  -16.08   0.278    0.00    1.00
   30.63  -31.26   0.256    0.00    1.00
   16.32  -22.58   0.101    0.00    1.00
   16.25  -20.15   0.216    0.00    1.00
   14.84  -22.10   0.296    0.00    1.00
   22.13  -30.69   0.214    0.00    1.00
  -50.90  -16.43   0.146    0.00    1.00
  -57.31  -19.00   0.284    0.00    1.00
  -58.17  -19.53   0.123    0.00    1.00
  -56.19  -18.68   0.162    0.00    1.00
  -56.34  -18.48   0.111    0.00    1.00
  -46.41  -19.70   0.150    0.00    1.00
  -61.96  -19.67   0.222    0.00    1.00
  -55.51  -18.47   0.235    0.00    1.00
  -45.39  -22.07   0.182    0.00    1.00
  -53.09  -21.76   0.137    0.00    1.00
  -50.39  -18.89   0.143    0.00    1.00
  -53.19  -26.07   0.106    0.00    1.00
  -53.56  -21.11   0.138    0.00    1.00
  -47.65  -21.04   0.108    0.00    1.00
  -49.34  -14.41   0.252    0.00    1.00
  -54.77  -14.27   0.146    0.00    1.00
  -53.76  -19.28   0.282    0.00    1.00
  -56.11  -17.48   0.265    0.00    1.00
  -55.23  -16.82   0.122    0.00    1.00
  -54.36  -22.98   0.184    0.00    1.00
  174.05  -16.83   0.272    0.00    1.00
 -174.55  -24.68   0.292    0.00    1.00
 -169.75  -24.21   0.110    0.00    1.00
  179.69  -23.11   0.252    0.00    1.00
  177.72  -17.71   0.240    0.00    1.00
  179.62  -20.95   0.181    0.00    1.00
  175.49  -15.22   0.188    0.00    1.00
 -175.56  -13.62   0.160    0.00    1.00
  179.41  -19.17   0.235    0.00    1.00
  179.75  -18.67   0.298    0.00    1.00
  174.81  -24.19   0.115    0.00    1.00
  172.20  -28.10   0.225    0.00    1.00
 -177.10  -18.49   0.100    0.00    1.00
 -173.44  -26.64   0.146    0.00    1.00
 -178.99  -17.52   0.114    0.00    1.00
 -179.80  -17.97   0.242    0.00    1.00
  179.87  -18.65   0.278    0.00    1.00
 -178.51  -17.12   0.275    0.00    1.00
  176.18  -17.78   0.257    0.00    1.00
 -178.33  -17.40   0.197    0.00    1.00
  -59.57  -13.60   0.241    0.00    1.00
  -64.65  -16.12   0.236    0.00    1.00
  -49.45  -22.00   0.109    0.00    1.00
  -64.06  -17.26   0.159    0.00    1.00
  -63.94  -18.39   0.272    0.00    1.00
  -60.01  -15.92   0.121    0.00    1.00
  -62.52  -13.25   0.136    0.00    1.00
  -64.04  -15.37   0.169    0.00    1.00
  -62.82  -16.96   0.103    0.00    1.00
  -65.39  -16.32   0.241    0.00    1.00
  -62.27  -15.26   0.200    0.00    1.00
  -58.47  -14.12   0.233    0.00    1.00
  -56.89  -15.07   0.273    0.00    1.00
  -63.68  -11.10   0.157    0.00    1.00
  -59.87  -16.10   0.231    0.00    1.00
  -59.47  -15.93   0.219    0.00    1.00
  -56.89  -12.28   0.294    0.00    1.00
  -60.10  -15.77   0.231    0.00    1.00
  -65.71  -14.02   0.188    0.00    1.00
  -65.27  -21.88   0.220    0.00    1.00
  -48.63  -10.92   0.152    0.00    1.00
  -47.48  -16.84   0.185    0.00    1.00
  -52.97  -16.98   0.211    0.00    1.00
  -54.98  -18.07   0.127    0.00    1.00
  -52.57  -18.77   0.242    0.00    1.00
  -48.21  -19.49   0.201    0.00    1.00
  -50.14  -14.59   0.279    0.00    1.00
  -59.43  -13.89   0.195    0.00    1.00
  -51.84  -15.72   0.138    0.00    1.00
  -46.86  -14.56   0.203    0.00    1.00
  -40.09  -18.19   0.150    0.00    1.00
  -37.41  -13.37   0.179    0.00    1.00
  -39.91  -15.83   0.164    0.00    1.00
  -45.88  -30.30   0.283    0.00    1.00
  -39.87  -15.83   0.164    0.00    1.00
  -38.89  -17.48   0.271    0.00    1.00
  -34.47  -17.58   0.233    0.00    1.00
  -38.59  -14.73   0.197    0.00    1.00
  -37.09  -20.03   0.215    0.00    1.00
  -37.91  -11.93   0.130    0.00    1.00
   29.13  -22.49   0.194    0.00    1.00
   45.60  -12.79   0.254    0.00    1.00
   35.75  -15.51   0.197    0.00    1.00
   25.14  -22.06   0.147    0.00    1.00
   36.84  -13.73   0.210    0.00    1.00
   35.23  -16.25   0.255    0.00    1.00
   28.64   -8.78   0.223    0.00    1.00
   36.35  -17.42   0.189    0.00    1.00
   34.35   -4.28   0.110    0.00    1.00
   38.93  -20.70   0.150    0.00    1.00
  -77.38  -12.82   0.133    0.00    1.00
  -81.90  -20.23   0.267    0.00    1.00
  -73.58  -14.90   0.227    0.00    1.00
  -74.98  -13.70   0.268    0.00    1.00
  -77.55  -14.70   0.108    0.00    1.00
  -73.45  -10.79   0.188    0.00    1.00
  -76.19  -12.46   0.257    0.00    1.00
  -76.10  -14.05   0.264    0.00    1.00
  -76.12  -15.71   0.138    0.00    1.00
  -82.10  -16.07   0.116    0.00    1.00
  -52.26  -12.68   0.255    0.00    1.00
  -60.94  -23.05   0.172    0.00    1.00
  -57.71  -14.42   0.162    0.00    1.00
  -51.07  -16.42   0.205    0.00    1.00
  -47.73  -16.19   0.161    0.00    1.00
  -55.26  -11.95   0.262    0.00    1.00
  -57.36  -13.49   0.236    0.00    1.00
  -53.94  -17.13   0.117    0.00    1.00
  -58.81  -19.24   0.275    0.00    1.00
  -45.71   -9.56   0.205    0.00    1.00
   25.44  -12.54   0.145    0.00    1.00
   13.81  -14.73   0.245    0.00    1.00
   26.08  -14.10   0.223    0.00    1.00
   20.42  -13.60   0.212    0.00    1.00
   25.50  -18.47   0.199    0.00    1.00
   25.34  -12.72   0.127    0.00    1.00
   25.88  -12.03   0.163    0.00    1.00
   25.18  -14.54   0.141    0.00    1.00
   21.95   -7.11   0.234    0.00    1.00
   25.87  -14.73   0.107    0.00    1.00
   32.11  -14.51   0.160    0.00    1.00
   20.06  -26.76   0.207    0.00    1.00
   30.82  -16.92   0.144    0.00    1.00
   31.50  -12.02   0.241    0.00    1.00
   31.87  -14.32   0.182    0.00    1.00
   33.71  -17.44   0.216    0.00    1.00
   34.25  -11.04   0.225    0.00    1.00
   34.88  -14.41   0.251    0.00    1.00
   36.10    0.75   0.196    0.00    1.00
   30.49  -16.84   0.100    0.00    1.00
   53.59  -14.94   0.211    0.00    1.00
   55.98   -9.57   0.172    0.00    1.00
   52.50  -18.89   0.126    0.00    1.00
   51.87  -17.70   0.114    0.00    1.00
   50.83  -26.55   0.234    0.00    1.00
   46.99  -17.27   0.102    0.00    1.00
   47.64  -14.08   0.107    0.00    1.00
   52.81  -14.35   0.157    0.00    1.00
   33.69   -9.38   0.266    0.00    1.00
   53.59  -17.58   0.263    0.00    1.00
 -179.80  -11.68   0.246    0.00    1.00
  178.68  -10.92   0.130    0.00    1.00
  176.74  -14.22   0.206    0.00    1.00
  175.92   -7.15   0.273    0.00    1.00
 -174.37  -11.82   0.252    0.00    1.00
 -179.00  -12.87   0.263    0.00    1.00
 -175.31    3.46   0.236    0.00    1.00
 -179.82  -14.37   0.129    0.00    1.00
 -179.63  -11.49   0.256    0.00    1.00
 -179.41  -11.27   0.201    0.00    1.00
   23.97  -13.30   0.223    0.00    1.00
   22.21  -11.59   0.226    0.00    1.00
   31.39   -1.65   0.154    0.00    1.00
   17.24  -12.11   0.149    0.00    1.00
   23.15  -10.19   0.115    0.00    1.00
   24.81  -11.75   0.119    0.00    1.00
   26.50  -10.02   0.147    0.00    1.00
   24.63  -11.81   0.290    0.00    1.00
   23.99  -12.20   0.275    0.00    1.00
   24.78   -8.28   0.123    0.00    1.00
  -65.27   -7.74   0.160    0.00    1.00
  -65.46   -8.47   0.222    0.00    1.00
  -70.85   -6.78   0.220    0.00    1.00
  -61.61   -8.31   0.177    0.00    1.00
  -62.41  -10.43   0.163    0.00    1.00
  -65.89   -8.38   0.120    0.00    1.00
  -64.18   -7.91   0.230    0.00    1.00
  -67.16   -8.81   0.295    0.00    1.00
  -65.30   -8.97   0.242    0.00    1.00
  -64.71   -4.44   0.201    0.00    1.00
   11.11   -2.22   0.263    0.00    1.00
   23.78   -8.09   0.149    0.00    1.00
   23.20   -7.31   0.278    0.00    1.00
   23.81   -6.57   0.227    0.00    1.00
   18.31   -6.69   0.280    0.00    1.00
   26.19   -6.04   0.123    0.00    1.00
   18.35  -24.29   0.256    0.00    1.00
   24.47   -9.14   0.156    0.00    1.00
   34.19  -14.44   0.256    0.00    1.00
   23.77  -12.36   0.187    0.00    1.00
  -72.99   -9.16   0.162    0.00    1.00
  -66.95   -3.41   0.205    0.00    1.00
  -66.58   -3.54   0.172    0.00    1.00
  -75.09  -11.30   0.147    0.00    1.00
  -67.33    5.59   0.242    0.00    1.00
  -74.57   -4.61   0.290    0.00    1.00
  -72.74  -10.03   0.128    0.00    1.00
  -61.21   -5.63   0.139    0.00    1.00
  -70.04   -9.87   0.139    0.00    1.00
  -72.82    1.82   0.268    0.00    1.00
   25.76   -6.12   0.280    0.00    1.00
   24.71   -8.01   0.269    0.00    1.00
   25.10   -5.01   0.100    0.00    1.00
   26.40   -5.10   0.181    0.00    1.00
   24.19    1.75   0.242    0.00    1.00
   14.71    1.43   0.286    0.00    1.00
   25.13   -5.74   0.107    0.00    1.00
   25.82   -6.02   0.108    0.00    1.00
   21.06  -22.24   0.269    0.00    1.00
   25.76   -1.30   0.196    0.00    1.00
   13.60   -1.99   0.148    0.00    1.00
   14.36   -1.24   0.230    0.00    1.00
   16.37    0.58   0.280    0.00    1.00
   14.58    0.95   0.219    0.00    1.00
   12.08   -7.80   0.133    0.00    1.00
   15.10   -6.24   0.108    0.00    1.00
   15.16   -3.34   0.229    0.00    1.00
   14.05   -2.07   0.147    0.00    1.00
   13.55   -1.23   0.244    0.00    1.00
   13.35   -2.09   0.202    0.00    1.00
   36.73   -1.69   0.282    0.00    1.00
   35.81    0.09   0.268    0.00    1.00
   35.62   -5.62   0.183    0.00    1.00
   49.25   -4.15   0.162    0.00    1.00
   33.73   -1.32   0.247    0.00    1.00
   38.44   -2.21   0.142    0.00    1.00
   40.46   -1.29   0.117    0.00    1.00
   38.17   -1.80   0.289    0.00    1.00
   40.55   -5.34   0.292    0.00    1.00
   38.53   -2.79   0.155    0.00    1.00
  -70.99    3.48   0.196    0.00    1.00
  -82.12   -1.21   0.281    0.00    1.00
  -79.56   -0.03   0.277    0.00    1.00
  -79.39    1.13   0.173    0.00    1.00
  -79.56    0.73   0.252    0.00    1.00
  -79.47   -0.78   0.123    0.00    1.00
  -80.32    2.69   0.190    0.00    1.00
  -81.00   -3.62   0.183    0.00    1.00
  -93.59    8.75   0.201    0.00    1.00
  -83.72   -9.16   0.224    0.00    1.00
  -57.75    1.68   0.246    0.00    1.00
  -61.10    0.62   0.162    0.00    1.00
  -57.20    2.64   0.234    0.00    1.00
  -64.29   -8.43   0.177    0.00    1.00
  -58.35    4.09   0.212    0.00    1.00
  -54.67    2.03   0.135    0.00    1.00
  -58.13    2.22   0.259    0.00    1.00
  -59.27    6.63   0.132    0.00    1.00
  -57.63   -0.68   0.207    0.00    1.00
  -55.52    0.96   0.267    0.00    1.00
   20.40   -0.00   0.196    0.00    1.00
   26.19    1.41   0.121    0.00    1.00
   21.16    2.07   0.106    0.00    1.00
   21.70    1.42   0.196    0.00    1.00
   21.73    4.68   0.166    0.00    1.00
   23.59    1.71   0.243    0.00    1.00
   12.84   10.60   0.238    0.00    1.00
   22.48    2.63   0.140    0.00    1.00
   22.00    1.66   0.236    0.00    1.00
   22.08   -0.87   0.187    0.00    1.00
   37.32    5.85   0.167    0.00    1.00
   23.81    5.96   0.257    0.00    1.00
   31.65    6.89   0.270    0.00    1.00
   29.70    8.12   0.264    0.00    1.00
   29.39    5.24   0.204    0.00    1.00
   30.53    5.66   0.254    0.00    1.00
   32.92   12.83   0.145    0.00    1.00
   29.68    5.66   0.109    0.00    1.00
   30.93    4.93   0.220    0.00    1.00
   28.77    3.06   0.122    0.00    1.00
   33.73    5.68   0.141    0.00    1.00
   37.34    0.11   0.280    0.00    1.00
   32.27    4.69   0.167    0.00    1.00
   33.06    7.13   0.129    0.00    1.00
   35.97    7.18   0.174    0.00    1.00
   26.49    8.64   0.258    0.00    1.00
   20.31    2.24   0.132    0.00    1.00
   32.85    7.60   0.179    0.00    1.00
   34.52    5.94   0.196    0.00    1.00
   34.56   13.32   0.212    0.00    1.00
   23.84    7.86   0.213    0.00    1.00
   23.72    7.31   0.164    0.00    1.00
   22.97    8.44   0.267    0.00    1.00
   24.40    9.33   0.287    0.00    1.00
   24.34    8.21   0.233    0.00    1.00
   23.41    6.57   0.110    0.00    1.00
   23.93    8.04   0.225    0.00    1.00
   24.91    8.29   0.267    0.00    1.00
   24.52   15.35   0.286    0.00    1.00
   23.70    6.84   0.258    0.00    1.00
    1.79   11.03   0.161    0.00    1.00
   -0.38    9.34   0.243    0.00    1.00
   -0.32   10.40   0.142    0.00    1.00
   -1.48   12.26   0.271    0.00    1.00
    2.24   12.23   0.164    0.00    1.00
   -0.15    9.66   0.272    0.00    1.00
    1.45    4.49   0.124    0.00    1.00
   -0.80   10.15   0.274    0.00    1.00
   -1.37   12.46   0.128    0.00    1.00
    6.48   -3.15   0.203    0.00    1.00
    9.06    8.16   0.221    0.00    1.00
    9.84   11.54   0.266    0.00    1.00
    6.02   11.18   0.161    0.00    1.00
    9.46    8.06   0.151    0.00    1.00
   10.81    9.77   0.116    0.00    1.00
   10.42   11.04   0.248    0.00    1.00
   12.40    9.63   0.281    0.00    1.00
    4.40   12.71   0.286    0.00    1.00
    8.49   -7.22   0.235    0.00    1.00
    8.32    7.07   0.274    0.00    1.00
   15.88    9.38   0.168    0.00    1.00
   15.53   10.50   0.176    0.00    1.00
   15.79   10.29   0.178    0.00    1.00
   15.41   11.33   0.176    0.00    1.00
   15.82    9.77   0.233    0.00    1.00
   15.53    8.22   0.219    0.00    1.00
   17.55   10.42   0.105    0.00    1.00
   24.27    5.39   0.285    0.00    1.00
   24.03   11.69   0.250    0.00    1.00
   17.25    6.79   0.208    0.00    1.00
  -14.79   11.59   0.110    0.00    1.00
  -14.13   11.74   0.243    0.00    1.00
  -17.23   15.45   0.173    0.00    1.00
  -13.19   14.92   0.134    0.00    1.00
  -14.31   10.77   0.272    0.00    1.00
  -12.64   12.03   0.136    0.00    1.00
   -9.37    4.28   0.217    0.00    1.00
  -15.71   13.76   0.253    0.00    1.00
  -14.70   12.10   0.133    0.00    1.00
   -1.77    2.47   0.119    0.00    1.00
  -94.67   13.36   0.155    0.00    1.00
  -85.42   14.17   0.203    0.00    1.00
  -84.21   20.20   0.299    0.00    1.00
  -83.20   12.45   0.141    0.00    1.00
  -86.03   13.97   0.295    0.00    1.00
  -87.20   14.82   0.113    0.00    1.00
  -86.68   15.48   0.111    0.00    1.00
  -84.54   10.21   0.209    0.00    1.00
  -86.07   14.32   0.231    0.00    1.00
  -87.95   16.97   0.154    0.00    1.00
  -13.18   13.68   0.239    0.00    1.00
  -15.97   15.21   0.139    0.00    1.00
  -15.62   15.29   0.216    0.00    1.00
  -15.93   14.14   0.237    0.00    1.00
  -17.22   11.30   0.271    0.00    1.00
   -8.27   12.72   0.172    0.00    1.00
  -20.66    1.20   0.169    0.00    1.00
  -20.31   13.43   0.295    0.00    1.00
  -17.47   14.69   0.199    0.00    1.00
  -31.10    9.98   0.216    0.00    1.00
   27.37   13.15   0.277    0.00    1.00
   26.44    5.36   0.192    0.00    1.00
   35.93   15.41   0.280    0.00    1.00
   28.02   13.95   0.205    0.00    1.00
   29.85   12.59   0.264    0.00    1.00
   29.10   10.82   0.146    0.00    1.00
   27.76   14.24   0.228    0.00    1.00
   28.06   14.12   0.205    0.00    1.00
   28.82   14.46   0.286    0.00    1.00
   28.01   13.98   0.290    0.00    1.00
  -92.63   16.52   0.198    0.00    1.00
  -92.45   13.18   0.173    0.00    1.00
  -90.89   15.73   0.299    0.00    1.00
  -92.13   12.64   0.298    0.00    1.00
  -93.73   13.79   0.128    0.00    1.00
  -91.90   16.50   0.179    0.00    1.00
  -88.76   13.22   0.156    0.00    1.00
  -90.59   14.87   0.145    0.00    1.00
  -89.90   17.59   0.144    0.00    1.00
  -92.66   16.91   0.229    0.00    1.00
   14.46   17.33   0.181    0.00    1.00
   15.84   17.92   0.289    0.00    1.00
   17.69   11.57   0.286    0.00    1.00
   19.73   19.19   0.218    0.00    1.00
   16.01   18.05   0.150    0.00    1.00
   15.54   18.08   0.144    0.00    1.00
   15.37   17.73   0.214    0.00    1.00
   15.89   19.16   0.165    0.00    1.00
   15.14   16.65   0.203    0.00    1.00
   20.05    8.11   0.168    0.00    1.00
   -4.42   17.79   0.299    0.00    1.00
    9.22   24.20   0.234    0.00    1.00
   -0.36   19.78   0.141    0.00    1.00
   -4.79   21.36   0.260    0.00    1.00
   -1.83   19.96   0.196    0.00    1.00
    7.53   27.16   0.202    0.00    1.00
   -0.83   19.83   0.243    0.00    1.00
   -6.87   20.24   0.199    0.00    1.00
   -2.20   20.36   0.190    0.00    1.00
   -2.19   20.96   0.106    0.00    1.00
   -9.55   21.12   0.261    0.00    1.00
    7.16   27.56   0.102    0.00    1.00
   -9.88   22.73   0.221    0.00    1.00
  -11.29   21.17   0.184    0.00    1.00
   -9.97   24.17   0.257    0.00    1.00
   -9.39   23.64   0.276    0.00    1.00
   -9.73   22.04   0.266    0.00    1.00
  -11.41   27.99   0.166    0.00    1.00
  -12.82   23.43   0.155    0.00    1.00
  -14.22   37.51   0.244    0.00    1.00
    1.87   15.80   0.259    0.00    1.00
    7.94    9.88   0.190    0.00    1.00
    7.31   19.35   0.152    0.00    1.00
    7.51   21.77   0.180    0.00    1.00
   -6.84   22.51   0.212    0.00    1.00
   12.99   19.98   0.215    0.00    1.00
    9.99   21.11   0.190    0.00    1.00
    8.94   22.65   0.160    0.00    1.00
    3.07   28.23   0.212    0.00    1.00
   15.41   28.84   0.208    0.00    1.00
    8.71   22.96   0.157    0.00    1.00
   13.59   18.70   0.271    0.00    1.00
   20.88   20.22   0.293    0.00    1.00
    9.57   21.30   0.241    0.00    1.00
   12.08   21.38   0.215    0.00    1.00
   11.38   23.86   0.241    0.00    1.00
   23.05   21.67   0.106    0.00    1.00
   10.01   20.34   0.191    0.00    1.00
   26.13   30.44   0.162    0.00    1.00
   10.50   20.88   0.262    0.00    1.00
   41.70   16.19   0.221    0.00    1.00
   43.84   21.88   0.169    0.00    1.00
   44.49   20.08   0.143    0.00    1.00
   45.88   23.31   0.185    0.00    1.00
   47.60   17.21   0.157    0.00    1.00
   53.16   26.45   0.192    0.00    1.00
   43.68   23.61   0.111    0.00    1.00
   44.05   22.24   0.271    0.00    1.00
   40.72   23.61   0.198    0.00    1.00
   43.40   22.12   0.151    0.00    1.00
   11.36   20.49   0.151    0.00    1.00
   12.21   21.85   0.159    0.00    1.00
    8.51   22.73   0.269    0.00    1.00
   15.37   26.93   0.217    0.00    1.00
   12.35   24.04   0.119    0.00    1.00
   10.63   26.22   0.278    0.00    1.00
    8.69   22.85   0.226    0.00    1.00
   11.04   24.06   0.242    0.00    1.00
   12.40   24.57   0.119    0.00    1.00
   13.44   18.55   0.149    0.00    1.00
   19.94   22.19   0.253    0.00    1.00
   14.95   28.69   0.186    0.00    1.00
   21.63   24.65   0.208    0.00    1.00
   23.67   15.98   0.174    0.00    1.00
   19.03   25.24   0.152    0.00    1.00
   24.85   40.50   0.118    0.00    1.00
   27.12   28.64   0.222    0.00    1.00
   19.67   23.95   0.199    0.00    1.00
   21.30   25.89   0.150    0.00    1.00
   28.08   29.47   0.239    0.00    1.00
   37.79   32.01   0.294    0.00    1.00
   32.16   21.20   0.201    0.00    1.00
   27.27   22.95   0.141    0.00    1.00
   43.80   27.38   0.189    0.00    1.00
   23.15   19.76   0.149    0.00    1.00
   30.06   24.90   0.298    0.00    1.00
   31.51   24.98   0.157    0.00    1.00
   29.14   25.06   0.284    0.00    1.00
   29.55   24.33   0.116    0.00    1.00
   30.58   25.90   0.189    0.00    1.00
   45.57   26.01   0.285    0.00    1.00
   56.03   27.26   0.255    0.00    1.00
   41.27   23.64   0.281    0.00    1.00
   40.22   23.31   0.256    0.00    1.00
   39.13   13.66   0.213    0.00    1.00
   41.76   24.38   0.262    0.00    1.00
   40.47   23.90   0.155    0.00    1.00
   40.23   25.08   0.273    0.00    1.00
   45.11   23.26   0.273    0.00    1.00
   44.79   24.19   0.280    0.00    1.00
 -104.35   28.40   0.212    0.00    1.00
 -102.09   29.81   0.227    0.00    1.00
  -99.18   27.28   0.148    0.00    1.00
 -101.53   31.24   0.182    0.00    1.00
  -98.18   29.00   0.210    0.00    1.00
 -100.26   31.13   0.151    0.00    1.00
 -102.43   31.06   0.296    0.00    1.00
 -101.47   32.15   0.203    0.00    1.00
  -95.85   24.41   0.215    0.00    1.00
 -104.99   31.61   0.185    0.00    1.00
  -81.41   33.80   0.218    0.00    1.00
  -78.93   33.00   0.277    0.00    1.00
  -88.09   33.99   0.285    0.00    1.00
  -75.84   21.06   0.181    0.00    1.00
  -86.27   32.65   0.187    0.00    1.00
  -84.83   31.74   0.198    0.00    1.00
 -100.24   42.25   0.234    0.00    1.00
  -92.18   37.35   0.191    0.00    1.00
  -83.19   22.30   0.134    0.00    1.00
  -85.36   32.08   0.185    0.00    1.00
   -1.63   24.69   0.281    0.00    1.00
   -7.11   31.68   0.219    0.00    1.00
   -8.62   32.13   0.198    0.00    1.00
  -11.61   35.89   0.165    0.00    1.00
   -8.07   30.92   0.261    0.00    1.00
   -9.41   31.14   0.278    0.00    1.00
   -6.97   32.16   0.160    0.00    1.00
  -11.48   32.87   0.263    0.00    1.00
   -6.62   21.14   0.118    0.00    1.00
   -8.17   32.12   0.197    0.00    1.00
    5.16   33.25   0.195    0.00    1.00
   -2.05   24.81   0.164    0.00    1.00
    3.79   31.80   0.222    0.00    1.00
    9.43   26.08   0.261    0.00    1.00
   -1.36   37.04   0.263    0.00    1.00
    1.01   25.25   0.290    0.00    1.00
   -6.39   31.42   0.166    0.00    1.00
   14.82   42.91   0.120    0.00    1.00
    4.66   31.38   0.131    0.00    1.00
    6.53   31.54   0.113    0.00    1.00
 -112.58   32.76   0.162    0.00    1.00
 -113.15   33.77   0.177    0.00    1.00
 -114.11   34.42   0.230    0.00    1.00
 -111.49   35.30   0.162    0.00    1.00
 -127.74   41.94   0.246    0.00    1.00
 -117.46   33.91   0.214    0.00    1.00
 -113.84   36.22   0.277    0.00    1.00
 -109.56   33.41   0.180    0.00    1.00
 -108.07   27.45   0.263    0.00    1.00
 -121.84   33.23   0.110    0.00    1.00
  -98.36   34.08   0.225    0.00    1.00
  -98.01   34.00   0.133    0.00    1.00
  -97.82   34.30   0.180    0.00    1.00
  -98.59   34.38   0.120    0.00    1.00
 -105.63   29.54   0.204    0.00    1.00
  -97.56   33.97   0.169    0.00    1.00
  -91.04   32.52   0.103    0.00    1.00
  -95.64   31.77   0.285    0.00    1.00
  -96.81   34.46   0.169    0.00    1.00
  -98.61   33.22   0.120    0.00    1.00
    5.74   36.20   0.279    0.00    1.00
   10.64   35.29   0.138    0.00    1.00
    4.61   37.26   0.123    0.00    1.00
    5.92   36.09   0.183    0.00    1.00
    5.67   36.05   0.109    0.00    1.00
    7.63   38.79   0.277    0.00    1.00
    7.19   36.23   0.294    0.00    1.00
   15.94   39.75   0.253    0.00    1.00
    7.89   51.10   0.203    0.00    1.00
    6.83   36.16   0.262    0.00    1.00
   10.17   35.93   0.237    0.00    1.00
    9.18   36.12   0.227    0.00    1.00
    5.96   34.87   0.254    0.00    1.00
    9.05   36.58   0.134    0.00    1.00
    9.10   37.73   0.101    0.00    1.00
    1.42   22.33   0.250    0.00    1.00
    1.14   20.88   0.264    0.00    1.00
   10.57   35.07   0.261    0.00    1.00
    9.52   35.50   0.136    0.00    1.00
   -1.62   35.58   0.230    0.00    1.00
   49.17   35.73   0.279    0.00    1.00
   45.15   37.97   0.191    0.00    1.00
   30.44   29.49   0.154    0.00    1.00
   58.12   34.98   0.160    0.00    1.00
   52.91   35.29   0.287    0.00    1.00
   44.92   37.72   0.279    0.00    1.00
   48.62   35.99   0.138    0.00    1.00
   47.12   26.28   0.161    0.00    1.00
   40.17   38.92   0.257    0.00    1.00
   46.50   39.26   0.133    0.00    1.00
  177.53   38.54   0.212    0.00    1.00
 -174.25   37.44   0.206    0.00    1.00
 -179.57   38.09   0.240    0.00    1.00
 -179.11   38.84   0.137    0.00    1.00
  179.78   38.12   0.174    0.00    1.00
 -179.82   38.08   0.246    0.00    1.00
  179.58   34.92   0.213    0.00    1.00
  178.17   40.37   0.153    0.00    1.00
 -171.83   32.89   0.183    0.00    1.00
  178.29   43.22   0.181    0.00    1.00
 -118.11   37.90   0.240    0.00    1.00
 -123.49   46.18   0.176    0.00    1.00
 -124.64   35.81   0.101    0.00    1.00
 -119.19   37.75   0.248    0.00    1.00
 -117.62   37.82   0.254    0.00    1.00
 -111.69   35.16   0.217    0.00    1.00
 -117.71   36.30   0.129    0.00    1.00
 -113.99   35.69   0.202    0.00    1.00
 -117.67   37.75   0.136    0.00    1.00
 -117.73   34.10   0.201    0.00    1.00
 -102.04   34.30   0.200    0.00    1.00
 -113.98   37.78   0.218    0.00    1.00
 -116.36   36.57   0.255    0.00    1.00
 -120.35   35.19   0.269    0.00    1.00
 -115.00   38.28   0.269    0.00    1.00
 -127.36   35.85   0.272    0.00    1.00
 -115.49   36.14   0.277    0.00    1.00
 -114.38   36.82   0.132    0.00    1.00
 -114.42   31.28   0.224    0.00    1.00
 -112.41   39.29   0.183    0.00    1.00
  -86.50   39.77   0.252    0.00    1.00
  -87.19   34.77   0.220    0.00    1.00
  -85.77   37.30   0.160    0.00    1.00
  -76.69   45.10   0.106    0.00    1.00
  -87.09   38.72   0.201    0.00    1.00
  -82.77   38.24   0.220    0.00    1.00
  -86.30   41.08   0.252    0.00    1.00
  -81.66   38.73   0.253    0.00    1.00
  -75.50   37.50   0.128    0.00    1.00
  -76.33   42.77   0.200    0.00    1.00
   -2.14   38.04   0.132    0.00    1.00
   -3.10   38.34   0.284    0.00    1.00
   -3.11   35.25   0.188    0.00    1.00
   -7.39   38.01   0.169    0.00    1.00
   -3.79   37.99   0.279    0.00    1.00
    0.97   39.55   0.201    0.00    1.00
   -5.49   40.08   0.105    0.00    1.00
    5.03   42.08   0.238    0.00    1.00
  -10.56   33.50   0.130    0.00    1.00
   -3.63   39.28   0.249    0.00    1.00
   38.13   37.71   0.123    0.00    1.00
   29.51   37.94   0.142    0.00    1.00
   28.07   36.50   0.278    0.00    1.00
   28.45   36.39   0.130    0.00    1.00
   35.41   43.19   0.279    0.00    1.00
   27.20   25.70   0.138    0.00    1.00
   30.43   38.52   0.294    0.00    1.00
   33.44   36.31   0.224    0.00    1.00
   30.21   38.10   0.282    0.00    1.00
   39.46   36.80   0.250    0.00    1.00
   32.90   38.24   0.221    0.00    1.00
   40.01   38.02   0.133    0.00    1.00
   39.95   38.00   0.187    0.00    1.00
   36.30   43.21   0.127    0.00    1.00
   45.51   33.57   0.176    0.00    1.00
   39.89   36.18   0.118    0.00    1.00
   42.72   34.38   0.292    0.00    1.00
   40.81   38.69   0.192    0.00    1.00
   41.81   46.59   0.149    0.00    1.00
   40.72   37.31   0.222    0.00    1.00
 -110.51   35.01   0.149    0.00    1.00
 -105.53   39.30   0.241    0.00    1.00
 -100.95   39.76   0.289    0.00    1.00
 -102.44   40.91   0.224    0.00    1.00
 -105.23   36.44   0.181    0.00    1.00
 -102.40   35.46   0.183    0.00    1.00
 -108.01   40.24   0.258    0.00    1.00
 -105.35   40.50   0.246    0.00    1.00
 -108.65   39.93   0.272    0.00    1.00
 -100.89   34.57   0.228    0.00    1.00
 -117.13   40.44   0.222    0.00    1.00
  -95.94   40.83   0.179    0.00    1.00
  -98.20   40.52   0.129    0.00    1.00
  -98.16   41.64   0.209    0.00    1.00
 -102.84   51.89   0.287    0.00    1.00
  -97.58   40.76   0.201    0.00    1.00
  -92.54   48.31   0.225    0.00    1.00
 -104.32   38.99   0.263    0.00    1.00
  -99.14   41.71   0.237    0.00    1.00
  -97.96   40.03   0.226    0.00    1.00
  179.48   39.57   0.294    0.00    1.00
 -178.69   43.95   0.147    0.00    1.00
  179.82   40.47   0.197    0.00    1.00
 -179.94   42.09   0.114    0.00    1.00
 -179.91   40.89   0.106    0.00    1.00
  179.51   46.28   0.168    0.00    1.00
  179.09   41.98   0.134    0.00    1.00
 -175.92   45.37   0.276    0.00    1.00
 -179.52   43.15   0.221    0.00    1.00
  177.20   55.34   0.147    0.00    1.00
  -75.24   42.05   0.190    0.00    1.00
  -76.09   42.03   0.260    0.00    1.00
  -77.27   40.34   0.127    0.00    1.00
  -70.15   34.33   0.106    0.00    1.00
  -76.36   42.20   0.111    0.00    1.00
  -81.57   40.30   0.281    0.00    1.00
  -73.62   39.32   0.299    0.00    1.00
  -75.51   42.13   0.106    0.00    1.00
  -71.11   39.31   0.204    0.00    1.00
  -73.35   43.10   0.233    0.00    1.00
   26.83   42.47   0.285    0.00    1.00
   22.92   42.68   0.120    0.00    1.00
   22.97   41.25   0.242    0.00    1.00
   26.65   45.73   0.207    0.00    1.00
   26.01   41.99   0.199    0.00    1.00
   27.66   40.55   0.177    0.00    1.00
   23.48   42.82   0.255    0.00    1.00
   24.38   42.54   0.233    0.00    1.00
   26.96   39.65   0.187    0.00    1.00
   26.08   41.49   0.284    0.00    1.00
  -85.10   43.22   0.178    0.00    1.00
  -75.83   43.34   0.265    0.00    1.00
  -63.94   32.57   0.259    0.00    1.00
  -79.96   43.45   0.289    0.00    1.00
  -76.65   43.80   0.276    0.00    1.00
  -71.95   32.66   0.190    0.00    1.00
  -77.07   42.36   0.299    0.00    1.00
  -72.24   47.13   0.213    0.00    1.00
  -80.17   42.73   0.253    0.00    1.00
  -89.32   51.46   0.207    0.00    1.00
 -104.27   47.08   0.169    0.00    1.00
 -107.87   45.27   0.155    0.00    1.00
 -109.78   44.38   0.233    0.00    1.00
 -104.39   45.18   0.241    0.00    1.00
 -106.12   45.34   0.109    0.00    1.00
 -104.28   46.50   0.149    0.00    1.00
 -107.71   46.10   0.297    0.00    1.00
  -86.85   41.62   0.299    0.00    1.00
 -105.96   45.92   0.264    0.00    1.00
 -102.88   43.20   0.165    0.00    1.00
  -64.95   43.98   0.247    0.00    1.00
  -85.91   49.22   0.141    0.00    1.00
  -66.27   53.91   0.148    0.00    1.00
  -73.81   47.05   0.126    0.00    1.00
  -68.22   46.15   0.221    0.00    1.00
  -72.94   44.22   0.237    0.00    1.00
  -74.71   45.41   0.109    0.00    1.00
  -73.51   45.52   0.225    0.00    1.00
  -67.22   46.82   0.151    0.00    1.00
  -67.91   46.10   0.232    0.00    1.00
   25.94   48.76   0.122    0.00    1.00
   27.86   46.13   0.208    0.00    1.00
   19.24   39.83   0.209    0.00    1.00
   39.56   58.27   0.132    0.00    1.00
   27.06   48.72   0.140    0.00    1.00
   24.08   46.63   0.137    0.00    1.00
   28.72   46.62   0.171    0.00    1.00
   25.14   45.21   0.254    0.00    1.00
   22.57   61.29   0.161    0.00    1.00
   34.11   49.63   0.199    0.00    1.00
   38.95   47.70   0.210    0.00    1.00
   32.75   40.35   0.208    0.00    1.00
   42.21   50.90   0.129    0.00    1.00
   33.94   46.06   0.280    0.00    1.00
   12.61   47.87   0.149    0.00    1.00
   32.99   48.69   0.230    0.00    1.00
   33.95   46.17   0.213    0.00    1.00
   32.49   41.08   0.233    0.00    1.00
   25.71   44.83   0.295    0.00    1.00
   33.66   48.23   0.181    0.00    1.00
   35.05   42.32   0.204    0.00    1.00
   32.45   49.29   0.244    0.00    1.00
   41.79   47.54   0.122    0.00    1.00
   34.12   54.82   0.277    0.00    1.00
   41.76   45.81   0.281    0.00    1.00
   38.27   50.13   0.255    0.00    1.00
   36.97   46.90   0.236    0.00    1.00
   24.23   63.82   0.275    0.00    1.00
   38.56   57.22   0.244    0.00    1.00
   36.76   50.86   0.207    0.00    1.00
 -117.61   51.42   0.132    0.00    1.00
 -124.38   51.23   0.233    0.00    1.00
 -120.76   53.54   0.279    0.00    1.00
 -121.73   52.21   0.108    0.00    1.00
 -122.53   51.97   0.231    0.00    1.00
 -117.64   58.95   0.203    0.00    1.00
 -119.89   52.99   0.154    0.00    1.00
 -123.81   51.49   0.210    0.00    1.00
 -114.92   44.98   0.112    0.00    1.00
 -121.97   51.99   0.297    0.00    1.00
  -97.40   51.79   0.204    0.00    1.00
 -103.97   54.28   0.166    0.00    1.00
 -102.72   46.29   0.254    0.00    1.00
  -98.36   50.23   0.234    0.00    1.00
  -99.98   51.50   0.154    0.00    1.00
  -91.71   56.73   0.107    0.00    1.00
 -100.69   51.08   0.140    0.00    1.00
  -93.48   46.76   0.124    0.00    1.00
  -98.84   52.10   0.112    0.00    1.00
 -100.99   50.82   0.173    0.00    1.00
  -97.53   50.21   0.118    0.00    1.00
  -95.60   53.37   0.296    0.00    1.00
  -96.63   54.48   0.133    0.00    1.00
  -96.50   52.66   0.157    0.00    1.00
  -93.27   50.32   0.271    0.00    1.00
  -97.18   52.47   0.119    0.00    1.00
  -97.19   50.99   0.122    0.00    1.00
  -98.13   52.37   0.291    0.00    1.00
 -109.24   38.47   0.268    0.00    1.00
 -103.41   48.57   0.238    0.00    1.00
  -82.52   52.19   0.156    0.00    1.00
  -83.59   50.41   0.297    0.00    1.00
  -76.82   52.46   0.246    0.00    1.00
  -77.43   52.58   0.235    0.00    1.00
  -79.43   52.98   0.123    0.00    1.00
  -61.36   44.14   0.161    0.00    1.00
  -81.92   50.74   0.267    0.00    1.00
  -81.31   52.70   0.220    0.00    1.00
  -66.62   45.78   0.135    0.00    1.00
  -81.55   48.34   0.209    0.00    1.00
   43.51   55.10   0.199    0.00    1.00
   36.34   48.12   0.125    0.00    1.00
   39.67   51.77   0.149    0.00    1.00
   41.96   51.90   0.125    0.00    1.00
   42.48   57.07   0.103    0.00    1.00
   39.59   55.47   0.161    0.00    1.00
   43.85   50.79   0.243    0.00    1.00
   35.50   52.21   0.278    0.00    1.00
   35.09   49.43   0.121    0.00    1.00
   44.87   48.53   0.143    0.00    1.00
   21.64   54.51   0.149    0.00    1.00
    1.11   47.73   0.170    0.00    1.00
   22.83   54.98   0.292    0.00    1.00
   21.24   51.13   0.167    0.00    1.00
   23.09   52.41   0.270    0.00    1.00
   21.94   53.82   0.169    0.00    1.00
   26.55   52.90   0.273    0.00    1.00
   22.54   53.96   0.276    0.00    1.00
    1.22   57.59   0.207    0.00    1.00
   16.46   52.96   0.165    0.00    1.00
   45.15   52.71   0.243    0.00    1.00
   48.12   53.03   0.240    0.00    1.00
   40.09   49.27   0.133    0.00    1.00
   41.91   52.21   0.249    0.00    1.00
   46.63   49.88   0.201    0.00    1.00
   44.40   54.57   0.283    0.00    1.00
   55.78   52.68   0.228    0.00    1.00
   43.43   54.41   0.243    0.00    1.00
   45.49   54.08   0.230    0.00    1.00
   44.56   53.13   0.233    0.00    1.00
  -89.97   54.16   0.154    0.00    1.00
  -98.78   56.48   0.140    0.00    1.00
  -87.50   46.60   0.237    0.00    1.00
  -96.70   47.02   0.108    0.00    1.00
  -97.61   56.87   0.215    0.00    1.00
 -106.92   52.32   0.108    0.00    1.00
  -83.12   55.58   0.210    0.00    1.00
  -87.17   52.55   0.155    0.00    1.00
 -106.88   64.97   0.128    0.00    1.00
 -100.77   56.57   0.121    0.00    1.00
  -97.21   61.16   0.214    0.00    1.00
  -68.46   54.41   0.152    0.00    1.00
  -67.86   55.53   0.267    0.00    1.00
  -64.18   59.14   0.268    0.00    1.00
  -66.68   54.99   0.234    0.00    1.00
  -66.23   55.83   0.190    0.00    1.00
  -68.69   59.82   0.278    0.00    1.00
  -68.17   56.34   0.206    0.00    1.00
  -66.05   55.83   0.129    0.00    1.00
  -65.99   55.42   0.107    0.00    1.00
 -132.01   57.62   0.204    0.00    1.00
 -107.56   65.31   0.168    0.00    1.00
 -133.94   61.14   0.112    0.00    1.00
 -136.46   59.28   0.199    0.00    1.00
 -151.62   49.72   0.106    0.00    1.00
 -131.59   55.12   0.187    0.00    1.00
 -147.49   57.11   0.274    0.00    1.00
 -125.18   52.25   0.155    0.00    1.00
 -102.54   63.89   0.227    0.00    1.00
 -133.09   57.00   0.117    0.00    1.00
 -127.70   59.34   0.260    0.00    1.00
 -133.18   63.11   0.189    0.00    1.00
 -129.61   59.07   0.286    0.00    1.00
 -107.81   64.25   0.248    0.00    1.00
 -135.76   62.73   0.288    0.00    1.00
 -130.37   60.08   0.133    0.00    1.00
 -130.96   58.48   0.144    0.00    1.00
 -128.11   51.41   0.238    0.00    1.00
 -131.92   63.14   0.257    0.00    1.00
 -144.31   62.59   0.164    0.00    1.00
 -116.68   58.58   0.119    0.00    1.00
 -119.08   58.09   0.131    0.00    1.00
 -114.71   56.64   0.103    0.00    1.00
 -113.00   59.77   0.232    0.00    1.00
 -128.62   51.26   0.174    0.00    1.00
 -117.69   57.76   0.223    0.00    1.00
 -126.86   63.56   0.274    0.00    1.00
 -120.79   59.45   0.282    0.00    1.00
 -108.52   57.53   0.163    0.00    1.00
 -110.69   59.39   0.284    0.00    1.00
 -104.26   59.15   0.274    0.00    1.00
 -101.65   61.54   0.143    0.00    1.00
  -93.27   58.77   0.122    0.00    1.00
  -94.14   58.85   0.173    0.00    1.00
  -92.82   59.58   0.272    0.00    1.00
  -97.60   59.84   0.219    0.00    1.00
  -97.91   60.50   0.270    0.00    1.00
  -97.94   59.97   0.170    0.00    1.00
  -98.58   59.64   0.173    0.00    1.00
  -85.46   61.65   0.173    0.00    1.00
   14.22   60.58   0.246    0.00    1.00
   11.20   54.73   0.259    0.00    1.00
   17.51   59.26   0.291    0.00    1.00
   10.85   62.00   0.108    0.00    1.00
   10.20   71.53   0.297    0.00    1.00
   13.33   60.58   0.216    0.00    1.00
   14.58   60.20   0.146    0.00    1.00
   31.12   60.69   0.291    0.00    1.00
   20.87   49.21   0.284    0.00    1.00
   -0.97   52.17   0.230    0.00    1.00
   38.30   72.24   0.299    0.00    1.00
   39.99   61.87   0.253    0.00    1.00
   39.50   64.64   0.237    0.00    1.00
   47.44   62.54   0.238    0.00    1.00
   17.42   64.90   0.197    0.00    1.00
   38.88   59.33   0.174    0.00    1.00
   31.90   58.50   0.199    0.00    1.00
   44.08   55.73   0.162    0.00    1.00
   37.89   59.77   0.287    0.00    1.00
   70.36   62.25   0.220    0.00    1.00
   44.79   57.85   0.123    0.00    1.00
   42.65   62.81   0.154    0.00    1.00
   60.10   47.67   0.276    0.00    1.00
   43.84   61.21   0.176    0.00    1.00
   42.71   58.49   0.160    0.00    1.00
   43.32   60.42   0.109    0.00    1.00
   54.67   60.71   0.219    0.00    1.00
   40.68   59.16   0.188    0.00    1.00
   48.62   58.73   0.141    0.00    1.00
   49.57   64.04   0.275    0.00    1.00
   52.59   61.79   0.183    0.00    1.00
   46.93   58.13   0.265    0.00    1.00
   46.18   55.25   0.284    0.00    1.00
   73.51   61.97   0.233    0.00    1.00
   70.49   62.20   0.214    0.00    1.00
   55.79   61.27   0.249    0.00    1.00
   45.85   60.45   0.227    0.00    1.00
   40.09   60.66   0.290    0.00    1.00
   76.27   64.99   0.159    0.00    1.00
   45.83   59.27   0.136    0.00    1.00
  176.29   64.28   0.106    0.00    1.00
  165.24   62.21   0.299    0.00    1.00
 -175.91   60.59   0.167    0.00    1.00
 -171.55   61.09   0.263    0.00    1.00
  170.86   63.15   0.127    0.00    1.00
  172.73   60.54   0.252    0.00    1.00
 -170.73   62.96   0.168    0.00    1.00
  179.08   60.98   0.203    0.00    1.00
 -173.81   60.93   0.191    0.00    1.00
 -178.72   63.65   0.209    0.00    1.00
 -165.64   57.33   0.295    0.00    1.00
 -163.34   61.56   0.233    0.00    1.00
 -152.28   67.47   0.475    1.00    0.00
 -173.66   57.11   0.107    0.00    1.00
 -152.79   62.56   0.158    0.00    1.00
 -161.86   60.38   0.275    0.00    1.00
 -156.93   61.40   0.282    0.00    1.00
 -157.79   58.99   0.148    0.00    1.00
 -160.25   62.16   0.292    0.00    1.00
 -165.37   62.75   0.177    0.00    1.00
 -154.06   61.52   0.117    0.00    1.00
 -158.99   61.60   0.237    0.00    1.00
 -147.01   51.51   0.262    0.00    1.00
 -167.13   58.96   0.194    0.00    1.00
 -179.67   60.15   0.209    0.00    1.00
 -146.20   60.26   0.235    0.00    1.00
 -141.71   61.78   0.207    0.00    1.00
 -153.23   62.01   0.259    0.00    1.00
 -154.69   64.69   0.122    0.00    1.00
 -147.66   59.69   0.217    0.00    1.00
 -151.21   57.85   0.135    0.00    1.00
 -145.76   61.81   0.199    0.00    1.00
 -146.62   61.92   0.235    0.00    1.00
 -151.59   62.73   0.294    0.00    1.00
 -122.23   54.49   0.271    0.00    1.00
 -152.67   56.07   0.135    0.00    1.00
 -138.74   70.44   0.516    1.00    0.00
 -153.22   55.24   0.253    0.00    1.00
 -136.01   64.41   0.298    0.00    1.00
 -146.16   62.31   0.230    0.00    1.00
   41.86   65.68   0.162    0.00    1.00
   39.97   60.38   0.128    0.00    1.00
   66.59   53.60   0.129    0.00    1.00
   53.70   54.35   0.211    0.00    1.00
   41.26   62.47   0.229    0.00    1.00
   42.90   60.47   0.125    0.00    1.00
   63.88   70.59   0.171    0.00    1.00
   46.46   61.36   0.138    0.00    1.00
   34.82   54.40   0.199    0.00    1.00
   39.14   60.29   0.217    0.00    1.00
 -154.14   65.11   0.237    0.00    1.00
 -134.40   60.74   0.217    0.00    1.00
 -160.15   60.86   0.280    0.00    1.00
 -146.75   71.41   0.458    1.00    0.00
 -166.55   63.90   0.187    0.00    1.00
 -155.70   64.71   0.234    0.00    1.00
 -161.96   79.46   0.591    1.00    0.00
 -162.28   64.23   0.188    0.00    1.00
 -169.57   69.37   0.421    1.00    0.00
 -168.06   65.25   0.196    0.00    1.00
 -152.46   63.50   0.283    0.00    1.00
 -140.76   65.53   0.480    0.82    0.18
 -145.41   60.77   0.214    0.00    1.00
 -164.11   72.32   0.526    1.00    0.00
 -161.68   75.82   0.444    1.00    0.00
 -133.83   75.82   0.452    1.00    0.00
 -147.56   65.76   0.496    1.00    0.00
 -148.29   64.20   0.296    0.00    1.00
 -163.84   57.19   0.283    0.00    1.00
 -150.72   62.95   0.261    0.00    1.00
 -133.93   66.04   0.568    1.00    0.00
 -135.75   55.90   0.239    0.00    1.00
 -133.84   63.12   0.220    0.00    1.00
 -124.01   60.38   0.265    0.00    1.00
 -148.23   64.70   0.237    0.00    1.00
 -139.04   61.96   0.216    0.00    1.00
 -142.94   65.59   0.477    0.94    0.06
 -129.34   63.38   0.208    0.00    1.00
 -127.51   66.54   0.465    1.00    0.00
 -128.21   65.56   0.114    0.00    1.00
 -112.28   63.79   0.288    0.00    1.00
 -120.10   63.50   0.159    0.00    1.00
 -116.13   64.13   0.240    0.00    1.00
 -116.19   63.66   0.114    0.00    1.00
 -115.19   62.41   0.102    0.00    1.00
 -118.36   64.20   0.185    0.00    1.00
 -118.95   62.13   0.208    0.00    1.00
 -117.40   63.17   0.183    0.00    1.00
 -119.15   64.52   0.234    0.00    1.00
 -118.84   65.78   0.287    0.00    1.00
   29.71   63.01   0.259    0.00    1.00
    2.59   62.84   0.254    0.00    1.00
   30.22   62.73   0.213    0.00    1.00
   25.94   56.36   0.268    0.00    1.00
   27.08   65.44   0.174    0.00    1.00
   26.40   64.02   0.104    0.00    1.00
   26.17   58.10   0.120    0.00    1.00
   28.76   63.62   0.175    0.00    1.00
   27.47   62.91   0.125    0.00    1.00
   31.25   64.26   0.123    0.00    1.00
   39.85   61.39   0.186    0.00    1.00
   36.53   62.35   0.190    0.00    1.00
   36.49   61.37   0.175    0.00    1.00
   10.21   71.52   0.234    0.00    1.00
   33.04   63.97   0.105    0.00    1.00
   33.16   61.10   0.127    0.00    1.00
   34.75   63.70   0.258    0.00    1.00
    7.80   67.91   0.146    0.00    1.00
   29.57   53.94   0.257    0.00    1.00
   34.58   64.44   0.103    0.00    1.00
  170.36   64.37   0.209    0.00    1.00
  169.77   67.27   0.515    1.00    0.00
 -146.47   71.39   0.410    1.00    0.00
 -173.42   60.43   0.113    0.00    1.00
  166.94   62.37   0.126    0.00    1.00
  173.21   64.48   0.278    0.00    1.00
  171.83   62.53   0.212    0.00    1.00
  167.11   67.01   0.517    1.00    0.00
  172.85   64.21   0.214    0.00    1.00
 -173.60   62.63   0.164    0.00    1.00
  -96.28   64.62   0.144    0.00    1.00
  -95.68   67.28   0.226    0.00    1.00
 -103.30   65.75   0.234    0.00    1.00
  -90.81   55.90   0.161    0.00    1.00
  -92.02   53.53   0.241    0.00    1.00
 -104.40   65.63   0.101    0.00    1.00
  -91.71   67.83   0.292    0.00    1.00
  -96.77   64.49   0.164    0.00    1.00
 -101.38   63.74   0.104    0.00    1.00
  -99.24   63.48   0.172    0.00    1.00
   20.50   65.99   0.214    0.00    1.00
    7.93   63.45   0.118    0.00    1.00
   17.00   67.97   0.260    0.00    1.00
   12.14   60.05   0.205    0.00    1.00
   20.76   65.98   0.165    0.00    1.00
   22.40   66.30   0.138    0.00    1.00
   22.91   63.86   0.180    0.00    1.00
   26.34   63.67   0.255    0.00    1.00
   22.85   65.58   0.287    0.00    1.00
   20.22   62.36   0.233    0.00    1.00
 -107.69   67.66   0.447    1.00    0.00
  -91.32   72.08   0.447    1.00    0.00
 -117.09   71.95   0.559    1.00    0.00
 -102.98   63.85   0.155    0.00    1.00
 -113.21   72.09   0.554    1.00    0.00
 -125.92   71.44   0.527    1.00    0.00
 -114.89   68.69   0.531    1.00    0.00
 -112.91   67.49   0.405    1.00    0.00
 -103.20   68.18   0.586    1.00    0.00
  -74.51   74.47   0.480    1.00    0.00
  -54.39   69.05   0.229    0.00    1.00
  -44.30   72.58   0.103    0.00    1.00
  -18.10   72.01   0.132    0.00    1.00
  -62.59   65.96   0.130    0.00    1.00
  -42.32   68.42   0.115    0.00    1.00
  -25.01   64.96   0.255    0.00    1.00
  -43.77   65.74   0.222    0.00    1.00
  -49.91   67.25   0.152    0.00    1.00
  -38.48   71.28   0.226    0.00    1.00
  -41.28   67.69   0.108    0.00    1.00
  178.69   74.10   0.487    1.00    0.00
 -162.04   69.92   0.560    1.00    0.00
 -163.18   68.45   0.593    1.00    0.00
 -163.61   71.43   0.542    1.00    0.00
 -164.02   75.03   0.419    1.00    0.00
 -143.78   70.80   0.412    1.00    0.00
 -148.26   65.91   0.541    1.00    0.00
 -125.94   69.59   0.559    1.00    0.00
 -162.86   69.94   0.531    1.00    0.00
 -165.03   69.80   0.409    1.00    0.00
 -145.97   57.02   0.249    0.00    1.00
 -122.68   69.92   0.410    1.00    0.00
 -132.23   69.60   0.442    1.00    0.00
 -122.45   63.10   0.199    0.00    1.00
 -139.94   69.71   0.539    1.00    0.00
 -149.80   65.96   0.445    1.00    0.00
 -142.25   70.46   0.524    1.00    0.00
 -131.17   70.49   0.518    1.00    0.00
 -125.99   69.92   0.532    1.00    0.00
 -119.17   68.39   0.435    1.00    0.00
 -109.87   69.60   0.510    1.00    0.00
 -111.29   74.06   0.532    1.00    0.00
  -99.25   62.25   0.295    0.00    1.00
 -102.80   67.70   0.411    0.73    0.27
 -111.97   69.75   0.487    1.00    0.00
 -114.35   69.49   0.428    1.00    0.00
 -110.88   69.92   0.479    1.00    0.00
 -108.84   69.66   0.590    1.00    0.00
 -108.40   69.08   0.474    1.00    0.00
 -124.30   70.58   0.476    1.00    0.00
  -77.47   77.41   0.414    1.00    0.00
  -79.95   69.24   0.134    0.00    1.00
  -79.29   68.94   0.256    0.00    1.00
  -61.98   71.80   0.494    0.91    0.09
  -37.98   84.42   0.318    0.68    0.32
  -84.58   70.11   0.402    1.00    0.00
  -78.92   69.08   0.152    0.00    1.00
  -83.61   71.05   0.502    1.00    0.00
  -84.01   61.16   0.300    0.00    1.00
  -65.13   80.99   0.585    1.00    0.00
  -28.00   70.00   0.250    0.00    1.00
  -18.09   71.78   0.294    0.00    1.00
  -22.99   69.89   0.259    0.00    1.00
  -24.88   70.74   0.141    0.00    1.00
  -15.92   70.09   0.122    0.00    1.00
  -28.49   69.73   0.218    0.00    1.00
  -29.92   71.59   0.232    0.00    1.00
   17.44   70.61   0.116    0.00    1.00
  -34.34   68.77   0.266    0.00    1.00
  -29.61   70.90   0.279    0.00    1.00
  -28.04   70.49   0.138    0.00    1.00
  -25.47   73.58   0.126    0.00    1.00
  -30.54   68.73   0.292    0.00    1.00
   -9.12   69.49   0.218    0.00    1.00
  -19.27   59.06   0.180    0.00    1.00
  -43.80   73.52   0.483    0.93    0.07
  -32.34   77.82   0.454    1.00    0.00
  -51.73   58.24   0.200    0.00    1.00
  -40.20   78.26   0.564    1.00    0.00
  -16.80   84.15   0.466    1.00    0.00
 -105.12   64.71   0.112    0.00    1.00
 -114.03   71.05   0.432    1.00    0.00
 -102.50   69.86   0.467    1.00    0.00
 -110.71   71.23   0.588    1.00    0.00
 -120.43   70.83   0.513    1.00    0.00
 -117.21   75.28   0.544    1.00    0.00
  -98.06   73.10   0.477    1.00    0.00
 -103.68   73.70   0.466    1.00    0.00
 -107.20   72.42   0.469    1.00    0.00
 -118.81   75.51   0.415    1.00    0.00
  -84.70   71.97   0.597    1.00    0.00
  -97.95   71.20   0.491    1.00    0.00
  -82.86   71.10   0.533    1.00    0.00
  -77.19   73.01   0.461    1.00    0.00
  -84.71   71.88   0.510    1.00    0.00
  -82.87   69.21   0.203    0.00    1.00
  -84.77   72.32   0.592    1.00    0.00
  -93.87   75.23   0.514    1.00    0.00
  -74.67   72.32   0.410    1.00    0.00
  -83.71   71.86   0.410    1.00    0.00
  -56.48   72.43   0.462    0.98    0.02
  -51.06   71.91   0.177    0.00    1.00
  -52.71   72.88   0.411    1.00    0.00
  -51.35   71.93   0.138    0.00    1.00
  -67.28   69.92   0.214    0.00    1.00
  -51.05   64.80   0.189    0.00    1.00
  -53.16   72.37   0.114    0.00    1.00
  -46.68   78.90   0.485    1.00    0.00
  -78.38   65.17   0.219    0.00    1.00
  -44.06   65.93   0.245    0.00    1.00
  -48.75   73.55   0.593    1.00    0.00
  -51.93   65.43   0.170    0.00    1.00
  -45.66   71.58   0.135    0.00    1.00
  -38.95   72.37   0.187    0.00    1.00
  -44.05   73.77   0.523    1.00    0.00
  -26.45   69.17   0.203    0.00    1.00
  -38.06   73.62   0.181    0.00    1.00
   -7.46   79.32   0.450    1.00    0.00
  -31.06   74.13   0.280    0.00    1.00
  -38.93   72.15   0.103    0.00    1.00
  -31.44   72.51   0.243    0.00    1.00
  -36.08   72.95   0.129    0.00    1.00
  -32.90   72.21   0.188    0.00    1.00
  -32.95   70.43   0.293    0.00    1.00
  -30.73   71.66   0.151    0.00    1.00
  -26.17   73.70   0.247    0.00    1.00
  -26.66   74.31   0.282    0.00    1.00
  -32.27   72.54   0.227    0.00    1.00
  -32.94   72.03   0.283    0.00    1.00
  -49.89   65.95   0.256    0.00    1.00
  -88.03   73.95   0.521    1.00    0.00
 -102.71   74.82   0.466    1.00    0.00
  -87.46   71.81   0.581    1.00    0.00
  -78.56   73.62   0.448    1.00    0.00
  -94.03   73.43   0.549    1.00    0.00
  -86.74   72.94   0.592    1.00    0.00
  -78.38   81.55   0.562    1.00    0.00
  -85.87   77.05   0.408    1.00    0.00
  -87.19   73.56   0.595    1.00    0.00
  -92.33   74.64   0.491    1.00    0.00
  -45.83   75.78   0.569    1.00    0.00
  -12.07   68.51   0.196    0.00    1.00
  -46.65   75.90   0.429    1.00    0.00
  -85.64   79.22   0.579    1.00    0.00
  -39.76   79.78   0.593    1.00    0.00
  -13.71   74.41   0.275    0.00    1.00
  -72.68   72.78   0.545    1.00    0.00
  -42.37   74.69   0.567    1.00    0.00
  -42.89   68.74   0.229    0.00    1.00
  -46.48   75.89   0.543    1.00    0.00
  -57.30   76.46   0.546    1.00    0.00
  -66.10   75.38   0.589    1.00    0.00
  -47.08   78.37   0.500    1.00    0.00
  -47.83   76.56   0.420    1.00    0.00
  -36.35   78.32   0.532    1.00    0.00
  -57.73   76.94   0.416    1.00    0.00
  -49.07   79.51   0.461    1.00    0.00
  -49.54   73.04   0.450    0.96    0.04
  -42.73   62.50   0.240    0.00    1.00
  -63.55   75.18   0.529    1.00    0.00
  -42.73   76.99   0.438    1.00    0.00
   -5.33   76.23   0.555    1.00    0.00
  -52.94   77.64   0.579    1.00    0.00
  -67.43   79.64   0.505    1.00    0.00
  -44.88   77.47   0.566    1.00    0.00
  -46.96   77.91   0.512    1.00    0.00
  -57.08   76.42   0.468    1.00    0.00
  -49.65   75.57   0.532    1.00    0.00
  -47.42   78.79   0.476    1.00    0.00
  -49.97   77.46   0.574    1.00    0.00
  -33.66   77.48   0.414    1.00    0.00
  -39.96   79.67   0.469    1.00    0.00
 -118.20   83.51   0.300    0.00    1.00
  -54.45   77.00   0.594    1.00    0.00
  -45.60   78.12   0.445    1.00    0.00
  -32.53   79.72   0.465    1.00    0.00
  -42.13   77.86   0.409    1.00    0.00
  -72.18   79.75   0.430    1.00    0.00
  -62.66   74.94   0.483    1.00    0.00
  -53.19   75.82   0.570    1.00    0.00
  -31.49   77.71   0.485    1.00    0.00
  -12.35   74.89   0.155    0.00    1.00
  -30.50   78.55   0.492    1.00    0.00
  -17.14   75.97   0.471    1.00    0.00
  -29.43   77.19   0.573    1.00    0.00
  -26.67   77.52   0.429    1.00    0.00
  -13.27   83.00   0.442    1.00    0.00
  -34.01   78.06   0.533    1.00    0.00
  -33.27   77.56   0.528    1.00    0.00
  -34.31   72.27   0.112    0.00    1.00
  -32.59   74.72   0.593    1.00    0.00
  -60.59   80.13   0.549    1.00    0.00
  -56.03   80.03   0.539    1.00    0.00
   31.65   83.13   0.554    1.00    0.00
  -51.52   84.39   0.191    0.00    1.00
  -59.35   79.88   0.492    1.00    0.00
  -68.80   76.37   0.411    1.00    0.00
  -57.60   80.09   0.482    1.00    0.00
    6.55   83.06   0.417    1.00    0.00
 -102.98   82.31   0.165    0.00    1.00
  -48.47   79.71   0.488    1.00    0.00
  -55.20   80.53   0.563    1.00    0.00
  -69.57   79.84   0.508    1.00    0.00
  -52.36   79.99   0.493    1.00    0.00
  -31.88   75.75   0.440    1.00    0.00
  -55.93   80.03   0.401    1.00    0.00
  -60.61   80.49   0.567    1.00    0.00
  -64.13   79.78   0.560    1.00    0.00
  -38.11   79.68   0.462    1.00    0.00
  -71.53   74.57   0.516    1.00    0.00
  -91.16   84.95   0.217    0.00    1.00
  -83.55   82.86   0.164    0.00    1.00
  -87.84   81.89   0.559    1.00    0.00
  -88.26   81.59   0.532    1.00    0.00
 -117.84   86.65   0.226    0.00    1.00
 -107.37   84.02   0.126    0.00    1.00
  -64.61   68.24   0.235    0.00    1.00
  -86.05   82.41   0.467    0.71    0.29
  -95.50   80.08   0.567    1.00    0.00
 -126.67   78.84   0.421    1.00    0.00
  179.46   85.91   0.283    0.00    1.00
 -172.93   85.69   0.291    0.00    1.00
  101.30   84.16   0.415    1.00    0.00
  163.82   85.25   0.283    0.00    1.00
  170.16   86.60   0.280    0.00    1.00
 -173.65   87.11   0.158    0.00    1.00
 -168.35   85.51   0.174    0.00    1.00
 -150.34   81.31   0.125    0.00    1.00
 -177.00   86.42   0.108    0.00    1.00
  165.84   86.94   0.142    0.00    1.00
 -104.51   89.64   0.194    0.00    1.00
 -144.54   88.71   0.199    0.00    1.00
  -74.23   89.58   0.252    0.00    1.00
  126.39   89.43   0.136    0.00    1.00
  -70.28   88.11   0.224    0.00    1.00
  -58.76   81.87   0.446    1.00    0.00
 -160.90   75.19   0.439    1.00    0.00
 -162.07   87.20   0.264    0.00    1.00
 -137.14   83.57   0.192    0.00    1.00
 -127.37   85.77   0.100    0.00    1.00
  -40.40   89.05   0.118    0.00    1.00
 -106.71   88.71   0.280    0.00    1.00
  -64.18   88.30   0.258    0.00    1.00
  179.80   88.35   0.214    0.00    1.00
 -155.04   89.76   0.179    0.00    1.00
 -100.80   89.09   0.144    0.00    1.00
  -89.94   88.35   0.271    0.00    1.00
  -79.44   73.10   0.424    1.00    0.00
  173.09   88.15   0.166    0.00    1.00
 -148.36   86.52   0.174    0.00    1.00
 -152.65   85.77   0.199    0.00    1.00
    2.68   86.33   0.284    0.00    1.00
    4.13   76.75   0.451    1.00    0.00
 -128.44   78.36   0.410    1.00    0.00
  -37.11   82.81   0.412    1.00    0.00
 -113.08   75.67   0.468    1.00    0.00
 -149.50   84.62   0.292    0.00    1.00
  -54.97   85.85   0.138    0.00    1.00
  -81.41   89.56   0.227    0.00    1.00
  -40.01   88.54   0.119    0.00    1.00
   17.46   89.87   0.160    0.00    1.00
 -133.52   85.23   0.215    0.00    1.00
  -18.99   86.76   0.227    0.00    1.00
  -26.59   81.20   0.410    1.00    0.00
 -100.93   87.92   0.216    0.00    1.00
  -59.04   86.59   0.148    0.00    1.00
  -91.88   89.81   0.124    0.00    1.00
 -129.59   76.64   0.568    1.00    0.00
   32.01   89.88   0.229    0.00    1.00
  -69.22   78.71   0.559    1.00    0.00
  109.12   88.38   0.221    0.00    1.00
   85.56   85.63   0.515    1.00    0.00
   74.89   79.52   0.531    1.00    0.00
  -61.63   83.06   0.524    1.00    0.00
   49.76   77.80   0.567    1.00    0.00
   61.63   89.18   0.202    0.00    1.00
  -67.50   87.62   0.288    0.00    1.00
  102.53   88.89   0.175    0.00    1.00
   -5.76   88.04   0.181    0.00    1.00
   53.40   87.95   0.297    0.00    1.00
  111.59   88.78   0.190    0.00    1.00
   91.63   83.80   0.440    1.00    0.00
  -26.90   81.35   0.447    1.00    0.00
   86.87   87.44   0.155    0.00    1.00
  -22.56   88.82   0.106    0.00    1.00
   95.82   86.25   0.411    0.98    0.02
   90.95   77.77   0.484    1.00    0.00
   13.86   85.85   0.206    0.00    1.00
   25.11   88.81   0.117    0.00    1.00
  100.84   89.87   0.110    0.00    1.00
